0	70.90349669909195	49.32662001940738	14.893269680330375	25	2.8304528588357027	0.0009847223323525204	0.0007732632027271678
1	161.50018595128483	-30.757314248401745	-127.13644608094629	23	1.5708707451214134	0.0006542372464392154	0.0008759893294025853
2	-165.4443009050626	39.49088140849304	168.4567548202491	27	2.6333127024971046	0.0007904920086571187	0.000771327432470693
3	-159.1116114423538	-26.460131829306334	-148.32007512979771	16	2.8300846918830387	0.0005234243261099831	0.0008350984771963615
4	-96.51041707386794	21.337067071169898	81.68147767026728	21	2.1957615999325375	0.0005236526252979751	0.0009610105307078904
5	149.3635888669239	-1.1022511878201433	138.64780621153727	20	2.224872892516906	0.0006586571325063129	0.0007671682002401389
6	97.59808904385405	-4.572534816645187	44.483994517603435	21	1.7085173339513804	0.0007110277777068751	0.0005790310776990042
7	96.21975490968582	-15.964327001061653	-60.95928130190659	25	1.9765781595855838	0.0006538272177001511	0.0006344849061874916
8	131.9375705400785	0.6446913519722829	-62.17730431234267	16	2.1211208348976074	0.0005531293051004035	0.0007533313257354407
9	-71.05225387160812	35.60424863160586	-27.454992827479497	21	2.7655679974788545	0.0008184819896384944	0.0009972570531607324
10	151.36379358505658	51.85508828489862	46.222389498542285	28	1.9846691963489629	0.0005041768948123918	0.000629832750755629
11	-137.02977460118342	-2.519412703036333	29.77369072362842	15	2.7072542907136565	0.0008216292363876262	0.0009253361433692385
12	43.47450032681516	30.711696725621046	143.15263087241968	23	2.7146349191564636	0.0009626151909682733	0.0007700070503480372
13	-172.30548740686308	-18.323260745850533	-55.06216866807004	25	2.582456459517517	0.0007864104300092947	0.000802284611913976
14	79.33672614397426	-54.802814663644845	-74.29525011212698	18	1.9566901461154882	0.0007978978870360825	0.0008657413205431012
15	-174.12937024087242	33.68441194579673	-97.66925975055487	28	1.6682306560877653	0.0008786881394544457	0.0008690746207736632
16	-3.8148419690192696	-23.178588534013986	-175.49704708151754	21	2.6102685092947784	0.0005458657218769202	0.0005398299892753071
17	-160.61068038400748	3.9386749410313273	108.38774263898206	24	2.0116058326340416	0.0007143358441540651	0.0006405133503734315
18	-112.0463766130583	-73.50938480208244	99.22351978924388	24	2.8210538309797206	0.0009807469792934864	0.0007342596641728356
19	43.08125757675145	58.3336959725975	-149.3169785026304	24	2.808132448915529	0.0005198786544950853	0.000932050476995815
20	41.50646221510584	-0.49209654076241577	37.2329702088626	21	2.3081204040655585	0.000813661422785184	0.0009261768078827556
21	2.206563677590812	33.051664418451274	-3.502735479758863	25	2.2704165358795865	0.0005320571570002841	0.0005199227336847956
22	-89.17395984344945	28.735286339494607	-126.6528216122815	17	2.6819074575102064	0.0006770060307528566	0.0005998658941331322
23	141.6833829541967	42.53980573599098	-147.20484035506817	17	1.9244093753961042	0.0005964937403055747	0.0006801733415612316
24	125.02703668109642	-7.337472455397779	152.33468511940077	29	2.9681783901092342	0.0009900895955132682	0.0009657351363169511
25	-95.14956871528065	-47.35299471271251	-8.449793873859237	25	2.882077685271353	0.0009665011955412315	0.00074155351260591
26	118.83065588580767	46.98176073775347	-110.49092721245209	22	2.775849519934535	0.0006061203282672311	0.0005334616249878853
27	151.80406288377193	-3.0763627737605495	-31.327641965856593	19	2.1390035140563723	0.0008236974665537268	0.0006265888284833087
28	27.770775898851795	9.930142126843732	129.87962263169084	15	2.564462981997198	0.0009943546594280983	0.0006849586907324492
29	-173.97263097193985	46.457487887305334	12.025986613945104	26	2.817060605548706	0.0007110679486524963	0.0006164425233002482
30	-144.75831785266166	-30.923489748943265	57.28635850052027	16	1.8171085351641043	0.0005971672321491768	0.0005251332318494457
31	24.181877391911872	27.60001764304292	93.0487367276938	27	2.189065146186306	0.0007254228178608471	0.0007552598962785492
32	-44.91722690737942	-21.587330271760266	-152.59314013727575	22	1.9874136821655357	0.0005783316408466832	0.0007229103419764807
33	96.30335219898187	46.75672374223446	69.04249482649281	27	2.470854024276968	0.0006188493217160589	0.0007195025892639844
34	-37.17882083164267	-25.34120149235441	131.22374540785177	17	2.2735571405843142	0.0005316425918367959	0.0008413515702366712
35	47.07309367048381	1.1819773083768959	57.17619984564194	26	2.9861189324992203	0.0008555863609188969	0.0007917544731150302
36	123.23784431247876	42.29722076557255	167.68096190391861	26	2.6708477729060065	0.0005174854659480311	0.0006511831818871448
37	110.23158531829307	27.47542338825294	150.66497827237697	15	1.5144765611671627	0.0006573319755064789	0.0008842124816369882
38	131.7731910195158	-74.24392399546079	-58.73196600151996	16	2.479829675121943	0.0009559805863269401	0.0006599077470908175
39	66.98372367261378	64.09290355104947	9.87400167593848	29	1.509226735337818	0.0007944008577615844	0.0006412193439859161
40	-85.65854767684125	18.252133142975943	57.21355284264593	15	2.44868830154454	0.0007662199575132452	0.0006646929897317318
41	-102.81574207306116	32.548754865511036	2.321687055141217	18	1.75162757060898	0.0006912113050308584	0.0008170695488564379
42	3.548419788545755	-27.02184602234379	77.17973733450809	19	2.8183816072589876	0.0005394861398735829	0.0007803024278707009
43	-175.14022868972015	-6.121950141693166	-24.58516072019393	18	1.7004534117458865	0.0006843977185009916	0.000812805124452755
44	11.331888715803128	-5.148387557616721	26.80069546837144	23	2.0408370109196303	0.0006073091082126691	0.000894320159879578
45	-136.07836167034407	76.94158168094347	-9.788204832423611	25	2.7379062652540487	0.0007103695509591604	0.0008566317692126509
46	-68.31494542179166	2.8343702446672263	-61.8904626856509	18	2.242776583665571	0.0006881765233616396	0.0009941018024530765
47	-17.693865730714403	18.336868546542917	-85.66832239675404	15	2.7015981637871125	0.0008809263773664315	0.0005868027419394201
48	-3.8060825640055107	-48.2719071853564	-152.81780585951958	21	2.0602884015231755	0.0005455978916086628	0.000942856725849255
49	-88.57302529561343	-16.291461305045903	126.75523568164746	21	2.8767633930425167	0.0007160678601286245	0.0006093029920151946
50	-46.781470515138416	-15.50616650192705	-137.49477361827417	20	1.8160420866390408	0.000648409014548819	0.0005906631003807998
51	-51.559108635489004	-27.333706093279282	137.86003341550906	18	1.769301109658726	0.0008662896751068779	0.0005669899933328072
52	23.396855327006108	6.957717289316448	-145.00806943286577	26	2.4293488814086333	0.0009643225750367756	0.00066141376352437
53	-15.379903601091797	-80.56824433372927	104.25355706003924	22	2.468766387152807	0.0005361224547389058	0.000800539602609934
54	170.8834288274683	2.4904603076087803	119.7779271078004	26	2.5701474066391343	0.0007005084533345577	0.0007801157513770824
55	-179.7939556082832	50.76190362427185	-112.54047074582802	24	2.02524221007919	0.0005210536289692602	0.0006168055696543419
56	-147.15320974416	25.994744130894844	16.4912187670843	16	1.824253097140894	0.000586654648919033	0.0008838444312777496
57	-63.37322384145307	71.82535384915082	-65.83448441352328	26	2.522971571058804	0.0008634395824395982	0.0007128683550511418
58	-171.98564632757723	-27.051156872867608	3.677555643435644	22	2.163033441624961	0.0008706133586714856	0.0005163464781906621
59	-58.99888637915034	-44.41614386344006	-119.92820337036642	15	2.9366275249368083	0.0009625699300164717	0.0008997034519916764
60	-75.78992001943027	15.413925118150305	-136.4619299129876	23	2.5567241680690254	0.0005604327130662522	0.0009581619471982467
61	133.12918409694865	-30.072094264828532	-155.21187748887922	19	1.5752610823579252	0.0007751400408741358	0.0005671224459204999
62	121.7298077356211	-27.502772245100747	-1.6980795660790415	19	1.7898628844909612	0.0006298038170974823	0.0006586272367104077
63	126.30495640114658	-31.71640532818166	53.645963345975	27	2.532390938398704	0.0006662664386393279	0.000510062841624387
64	-135.31457894709155	-15.487320988142372	-23.01678476693155	24	2.4113963915185206	0.0007447114366125866	0.0005442217680795212
65	151.9041884509329	-50.35744385819795	132.8723540020205	29	2.04365504670986	0.0006753438248293408	0.0006918200128446223
66	-95.52183869173055	50.96315608803034	135.9023004153175	25	1.8994261566660766	0.0005940736221864585	0.0008735694625438946
67	-117.88583479865386	-48.42900771448414	-110.08356160419525	19	1.6678544528272863	0.0008558576486745963	0.0009104986052404711
68	-115.15582151939634	35.4195142901373	-129.59477541185663	29	2.7110139654359746	0.0007033595030075267	0.0006563601704196329
69	-134.0251362106278	-77.90504488975374	152.84641162162134	24	1.5103752680378304	0.0006856026125040815	0.000645832497783642
70	-150.32593158689164	-43.9568560031746	37.34369930904877	16	2.8762659979991883	0.0006450756662063127	0.0007596674013735818
71	118.24162173552173	-48.19624978606662	93.77300947599348	26	2.5260453784418018	0.000759450209072629	0.0009794285320692785
72	148.75108762831113	-51.88603445632675	-166.31403275560564	20	1.8778312180213779	0.0008775647190701573	0.0005140642972963138
73	103.70773449450058	-23.95906123105765	39.38650802504078	23	2.0831345654082605	0.0006868892612964762	0.000505624134413431
74	-106.06319055126485	-4.787388853328977	-144.47725567028513	22	2.331711049515203	0.0006562936507738377	0.0006483029773524796
75	23.436174626326878	35.44199726108373	-36.60855507855696	15	2.5418193089599384	0.0005380750958021073	0.0009053272021669434
76	2.186919566440909	-9.248021376119645	64.80092937215386	24	2.364047263283455	0.000827260124225055	0.0005505945459291066
77	58.87939309007441	-78.08173759066534	18.730760346567806	24	2.978208744522852	0.0005054054003009803	0.0005315920315912828
78	-83.49000857575768	41.7847593813528	-129.97901545424534	18	2.9695441179986766	0.0006340678818203296	0.0005170424183913937
79	-85.07955909676342	-52.97690390837625	77.02824121165018	25	2.7394215018424886	0.000985374389519493	0.0006291994013311551
80	-78.18599781006819	4.5712485924389155	-65.75317054605601	16	2.407833447753493	0.0007971636920107111	0.000711048906516088
81	-63.705853371319144	-8.609846630909873	118.21236800682921	25	2.228595901611679	0.0005770662389203348	0.0005837250157668249
82	-90.04075164343898	44.78344395934442	170.8611861220649	17	2.543671876125987	0.0005589350677965111	0.000816611057538223
83	-13.690626543945374	-59.388287516129466	75.18889800752144	16	2.6841574503036334	0.0007708887232383562	0.0008780467907831876
84	-111.38533561277534	14.58483343016781	-126.89450222126405	29	2.135633267698553	0.0008135614168822216	0.0005994836550541184
85	-0.07465168774647142	35.63576065652173	10.025884954317048	28	1.5457687397839344	0.0008497440636717985	0.0009959524682552256
86	126.97108292438455	-4.230682326111961	0.24861889936730305	16	1.5408814789270102	0.0005976386720936911	0.0007474130572714872
87	-5.987870029551873	9.024904233678827	-176.22411323460463	26	2.4899365405039164	0.0005618567469951525	0.0007588728568789765
88	144.05371594028097	-40.319283443083044	-120.24327215930474	23	2.3321682968393285	0.000549109216452354	0.000695566306193305
89	-84.16878307700972	-31.150873128371124	-167.0115809368716	17	1.946458483949717	0.0008162380847997334	0.0005964154866067268
90	-66.09519700034086	1.976836881766903	-68.35948104386185	27	1.933125712855648	0.0006999823895699854	0.0006400454060240019
91	81.43412296191413	-29.588858530197307	44.739002631203775	28	1.9413732500932679	0.0007020235609336654	0.0009020486647967044
92	-10.030730385204311	-48.237540988364515	-66.32562546323709	20	1.7712833787654683	0.000823831682938984	0.0006563022588368218
93	52.68993170008097	-47.34433815776016	102.70454055525751	16	1.6319991008518766	0.0007821741785331295	0.0009855301467269848
94	13.249564431337982	9.259722167475491	-9.78657436656491	25	2.8430712588627056	0.0005916648845551186	0.0008436935183844294
95	2.8192236916451576	0.8785045638203169	39.853200525838304	16	2.981986447034367	0.0006570575282529326	0.0005323371869275371
96	-157.887159799279	39.82080700740508	-50.70131252376314	16	2.369656344731057	0.0007391268616090561	0.0008260570116703874
97	1.4727219524991653	-7.521044477833005	-90.15284666193415	25	1.776428717449591	0.0008693139870645651	0.0008117973203325638
98	122.21421244098983	-42.07112643125201	-83.97543978138462	26	2.2919830716488963	0.0009907364408150367	0.0009038644101828256
99	121.51550522441288	64.61999496329946	-108.78890416215508	21	2.958190972631134	0.0005998956703694629	0.0007031008828319797
