3.073544973481899811e-01
5.504761904824978513e-01
6.317989418241712896e-01
6.641269841522136064e-01
6.785185185437480060e-01
6.861375661123366720e-01
6.960317460443607995e-01
7.034920635172929870e-01
7.059259259385406438e-01
7.066137566263713810e-01
7.114814814562520073e-01
7.102645502519355780e-01
7.120634920887215502e-01
7.134920635046781978e-01
7.157671957545810315e-01
7.174603174855469501e-01
7.207936507810360771e-01
7.129100529226676253e-01
7.229100528974381490e-01
7.221693121440826424e-01
7.232804232930379884e-01
7.234391534517681244e-01
7.201058200805906528e-01
7.195238095111947674e-01
