2.859816678970579229e+00
1.012254235958926829e+00
8.492638279899717979e-01
7.928494478911949361e-01
7.603978606380482619e-01
7.375776450470010737e-01
7.206622698824242113e-01
7.075160791508104952e-01
7.001111871981746670e-01
6.967535041122839834e-01
6.871559546990368972e-01
6.835519864571788506e-01
6.840473651885986550e-01
6.779359855727543627e-01
6.715586879013707433e-01
6.704182354735318539e-01
6.709317166212374062e-01
6.719041539247704309e-01
6.568743714705976844e-01
6.624558784595873107e-01
6.631816576145312947e-01
6.617030473360939746e-01
6.675720039309648302e-01
6.606910632274769490e-01
