1.315893773351261842e-01
1.420266876913373888e-01
1.854274011119729504e-01
2.341788871582188569e-01
2.753335990101268282e-01
2.956797480898184505e-01
3.075042947435775997e-01
3.147047179223114721e-01
3.225657303742143767e-01
3.300964478765079924e-01
3.462808831811565735e-01
3.473378265982087210e-01
3.631259091725074217e-01
3.749504551490305260e-01
3.767340452971240095e-01
3.881622394233103512e-01
3.949663084010684999e-01
4.069890317340116859e-01
4.169639286457555438e-01
4.299114772217924596e-01
4.344034861078790444e-01
4.394900231218696884e-01
4.488043299060246460e-01
4.608270555738571694e-01
4.620821750893241986e-01
4.774078465796380288e-01
4.818337941708377703e-01
4.933280472767087033e-01
5.025102356683783800e-01
5.048223000085247936e-01
5.159201973620770598e-01
5.270180963417830933e-01
5.253666256571527526e-01
5.365305816005850881e-01
5.412207673784763529e-01
5.499405436368390854e-01
5.584621437357570883e-01
5.548289062671608596e-01
5.692297524395699693e-01
5.645395682799578818e-01
5.762980556626634554e-01
5.867353667197351408e-01
5.811203563129875294e-01
5.898401361465265280e-01
5.956533229292769738e-01
6.006738011643915076e-01
6.040428036867918626e-01
6.126965265684168882e-01
6.095917555312213576e-01
6.190381827592565944e-01
6.285506657304182898e-01
6.222750696453649422e-01
6.298057862656767369e-01
6.308627293106429113e-01
6.333069097083852128e-01
6.372043880293053464e-01
6.303342571542354111e-01
6.417624524537725028e-01
6.523318817222082400e-01
6.492931708144233927e-01
6.560311825685857245e-01
6.463865783148735611e-01
6.623728364284735548e-01
6.599947168925019980e-01
6.654776073396717617e-01
6.638261345170231031e-01
6.698374958566889470e-01
6.713568539092776843e-01
