2.214582712462247915e+00
2.178315252274341862e+00
2.085884916166566683e+00
1.909140118126951835e+00
1.768029719807698852e+00
1.699729397772860695e+00
1.659446920361382194e+00
1.624245437846219664e+00
1.603282399167471395e+00
1.580673821568725268e+00
1.548230451705323807e+00
1.531968197130844977e+00
1.500441399712372892e+00
1.480059459496401164e+00
1.448062982595743398e+00
1.426359359867460430e+00
1.393325308336577306e+00
1.358958866656385656e+00
1.341374894731314660e+00
1.309162805836083132e+00
1.301512337657037888e+00
1.279404564347319528e+00
1.249883590845155101e+00
1.221023057454926120e+00
1.219693394094087502e+00
1.191851634443129138e+00
1.176821054390453591e+00
1.146723843302810630e+00
1.128533963735643297e+00
1.115488057392310273e+00
1.094306552704644719e+00
1.079264738519088773e+00
1.080184816432166128e+00
1.045007464009714671e+00
1.035830446712752373e+00
1.027875319412668409e+00
1.008146560905568423e+00
1.004491345084537191e+00
9.837434441146517550e-01
9.798890795051256042e-01
9.656560355392593831e-01
9.481225942333744161e-01
9.539403779170585462e-01
9.327974182908326251e-01
9.224531984751315195e-01
9.098335571940469046e-01
9.086664677973482762e-01
8.891766687919353540e-01
8.818900445002453292e-01
8.666798122367954660e-01
8.668172733521332107e-01
8.731710132448183836e-01
8.510792718678299451e-01
8.428064901064277192e-01
8.303300574774281628e-01
8.331371417510523569e-01
8.404252920523709314e-01
8.187871204293188931e-01
8.043131103901807188e-01
8.136973962914221259e-01
7.906916409569476611e-01
8.136625089502378394e-01
7.790433451747906801e-01
7.877246540057988300e-01
7.812237910289464571e-01
7.823051200988412335e-01
7.563441354495433755e-01
7.615580167948672319e-01
