0	-0.20508759332309323	42.70754533149689	-139.1620301204811	19	2.850062558418132	0.00046876840156108895	0.00017919666240894135
1	109.31008240380956	-43.892369486892164	0.5715491088417655	15	2.9046259699997754	0.00040794873670170717	0.00021558119457288526
2	24.209154479907408	-42.49881453564425	-81.56362670803149	29	2.1294712939370046	0.0002884857351272414	0.0002261572135526995
3	-45.433863929448414	-48.566232306774246	3.8044444336678764	21	2.9403794376420938	0.000315566454675023	0.00012278629258465702
4	-141.96222688509906	51.79788371414909	-112.6500280225763	25	2.366910253073277	0.00025731660497810196	0.000225780725962061
5	-119.35567178450492	50.428975958479306	-75.83819306308371	24	2.6572591784203947	0.00042177005931303666	0.00020511509956305075
6	-5.299991200179578	29.827535746890202	104.95382417987922	16	1.5972430880996213	0.00014767823744913104	0.00038490527733157465
7	-59.810489874663496	9.657909124778783	58.56812539275913	22	2.2641711517263756	0.0003499343377500292	0.0001980347491590084
8	-48.53564700548025	-50.678709514639536	151.13836762527058	15	1.609279954115739	0.0002778467531498245	0.000262107472617481
9	-130.47316457967932	-66.76286584578786	65.5793416487799	18	1.6363683627515582	0.0004346928086542298	0.00021416032047926348
10	-31.66498678768965	-8.241341332673146	-16.21570123747101	22	2.4193006186815516	0.00022603738217682925	0.0004820123720818812
11	-95.84677519855437	-67.88165085162208	-51.693196555304496	17	2.5942443838555214	0.0003685961548610076	0.00021804034934321578
12	-122.57809159506432	-18.13111963397745	45.54019100960549	23	2.4564406610634073	0.0004161444750512428	0.00046689806797435383
13	-21.20856138600556	16.32074564714098	-21.92902248069835	28	2.5882844931963573	0.00015633643380242354	0.00022920355758178037
14	32.30416617624095	-23.451112664572715	89.06575140920187	28	2.966577049309007	0.0004404652180588237	0.00020924274414315042
15	-19.92687053396217	-37.666173699505826	16.99752889214798	29	2.365362529953753	0.00018455890183570933	0.0004364646927163512
16	-99.99996221823845	-56.93358339801166	119.96119576208456	24	2.1784075981553688	0.0003293323083037674	0.00047037232251765667
17	-13.640929275431722	6.543901050119418	-1.903443601459754	23	1.6149937405863595	0.00021291336101129737	0.00044077745027880925
18	172.00171759253513	-11.929650063701864	-169.99548574285302	17	2.1540937563921325	0.00023363694192920782	0.00016378688355826634
19	-56.31659126503463	58.32284176444173	143.45873830884096	25	1.9721529303479104	0.00040354600706050465	0.0002530963573746156
20	-130.29858247573554	7.875938179470705	5.5546046792671735	21	2.7797132221452117	0.0001766635993403816	0.00012876984834035682
21	161.76961212786924	-14.611832216416648	-172.93753293867226	16	1.7139687070930885	0.00022731769344726472	0.00025954423623235573
22	-143.48398174490202	32.161809299512996	130.89764792839233	28	2.7008865454921107	0.00035200731045706803	0.0003880128494510728
23	168.3766742556387	35.072685722617514	102.25958339718365	25	2.9564565259533273	0.0004909639569338096	0.00041570522781013473
24	5.3496058856022595	-9.220008126621801	-154.15493666357918	23	2.3139127615659953	0.00017278928375126106	0.0004522203862151204
25	-111.91840538088238	45.15560899172465	114.61649193470292	16	1.9796208102201573	0.00015132923829554163	0.0002211686170341635
26	-138.25456795367495	42.826658692771204	-158.6017079645179	15	1.646060912713959	0.0003691615038219643	0.00018619192150677903
27	77.27386566219519	3.6632408974807955	-105.88640810248044	17	2.9098557075507276	0.00011526411494847062	0.00029916835974014636
28	178.13080861611868	-6.114270922303076	85.55518034361457	16	2.1365317213859387	0.0003462668925161691	0.0004280170603895339
29	24.248574964950613	-75.77245356221182	39.187787659551894	17	2.6299239462010657	0.00036472637230367146	0.00042990311629096344
30	-150.50988727776965	-16.482935575527364	159.87284552552117	20	2.6573694604787663	0.000491858236284576	0.00012243452093561348
31	52.58414632696659	53.41973227919486	76.01852138364764	17	2.3234275125323713	0.00037619114347031647	0.0004460209315125346
32	-85.79207862063738	5.170950123534684	47.2818120379241	16	1.5018204665087151	0.00013433386059739574	0.00023686777176440199
33	28.893371067671644	-34.38470756892243	30.821699685751092	20	2.8468074167320077	0.0002869346447802312	0.00030298783670844646
34	-22.600396598997662	48.83546808405701	108.14051155576396	24	2.5200776862440537	0.0001649571071680634	0.0003537599726524508
35	-21.631597966751766	70.62284128611992	21.6727497061265	25	2.080265017401164	0.00012982818533924576	0.0001043435621031885
36	69.47538751395601	0.32070631619271156	56.91208786338506	19	2.347300159263591	0.00022534176595876072	0.000360989298691873
37	-175.97763985036985	24.10375234498386	-36.02733946860469	23	2.544854835638262	0.0003273935915778631	0.00046495567717486124
38	-29.387796609999	53.32926882297851	139.57716275670583	27	1.721782136062922	0.00011047441160243622	0.0001369138774943644
39	49.30793840853907	6.690739023533403	-54.52560198543686	23	2.974257224316237	0.0002669477711536015	0.00014463181867244715
40	-175.7027146096094	17.11863236729596	-15.780917793687104	29	2.0880076536823533	0.0001572209773714684	0.0002832694812976115
41	80.48272082594407	17.54367693495504	134.80346721503642	23	2.1682590549232055	0.00022597886553771154	0.00030931136969723305
42	147.751389384693	-9.836172655531941	-144.29570515140725	18	2.6445123135221946	0.00030167477170439883	0.00014750440080906602
43	135.51714008075658	47.73831747019514	108.81529955267433	23	2.6638362217866067	0.0003831242618516799	0.0002737148863591691
44	-178.79129309468777	-9.58869557564501	-51.619953912958344	24	2.935383690868001	0.0004329422193866234	0.0003223785857664924
45	-26.70032635087496	27.403479564969945	149.3153751620903	24	2.2897909964616474	0.0003425953656761308	0.0004802002660014807
46	76.19013172815418	35.98845469652182	-125.88580924337309	27	1.9813903189572226	0.0002555301985236666	0.00037443593957183223
47	164.51531490958553	-7.827923306674971	-100.20060858071324	28	1.5553833804060861	0.00040969710738090174	0.00034002190720373697
48	-71.84031978021456	31.578734741750097	108.42163019175901	17	2.9065828369533655	0.0001464518883733597	0.00016487647529838154
49	65.51486650471132	-45.37136236196089	93.78421499487845	25	1.9562006024494727	0.00024036960973346434	0.00012132443416019756
50	-81.76628211569896	-21.745850200773287	-16.65197599083098	15	2.3718784931692407	0.00019566338984663392	0.0003319059665716742
51	-120.83301463230531	-3.1192242355644497	55.622823535791035	17	1.9003599280575787	0.00044009575853088176	0.0002936922764510356
52	0.9616145513020495	-61.56554894585871	-107.47863009026473	15	2.4479869034826907	0.0004866489658626563	0.0003306359905815618
53	32.296227087543606	-2.582371218660631	-42.08586597082485	23	1.9984119129695697	0.00013441405050480457	0.00030626284381815626
54	99.46371291038322	81.00074707623384	165.92470824055746	20	2.4341126917745592	0.0003765692745884615	0.00012739442932090366
55	-132.86619374389602	-21.422132132468743	-107.01864640984417	18	1.6792818486885146	0.0004734825375541803	0.0003317357697842513
56	-17.97111331778164	-37.1680654451464	-45.11156375052989	26	1.5796789735402075	0.00017375431822421491	0.00012296118286078494
57	-38.727075315787594	25.735487170389536	19.50469510767623	23	2.9918219456505666	0.0004999176395421246	0.00016800457496231439
58	-159.9991878698201	-1.6224755906961001	-137.61311507245964	27	2.5573690247759915	0.00026792726227237217	0.00030064387570955973
59	-21.752365197642447	-36.95431533314114	-131.31384042090883	29	1.8042587649323591	0.00033923794058918026	0.00029395531729840797
60	40.56461133699185	89.63675684649408	139.60941502058867	23	1.641021107415633	0.000336869698922044	0.0003489590638632318
61	-48.013931830592284	-41.60150754515336	-61.353427758522635	29	1.5842254970544847	0.00042867100038259835	0.00018847268455048018
62	-149.19437551225093	-0.7443564733618644	26.874992278214908	23	1.7302160523347634	0.00012677163113656046	0.00044407175866912566
63	111.2643667954193	-40.09803219624815	-100.44701438461786	23	2.7588922083466834	0.0004878493986780867	0.00040234308695085536
64	-101.88827990370123	-48.29351949471819	-67.11866476893286	19	2.62671344387293	0.0003636225835590236	0.00026325348620593074
65	175.98130155063166	1.3530013753847556	174.45610571744822	21	2.021545231896078	0.00012944054923154412	0.0002536360799474115
66	-46.564169917799724	34.742014069862755	60.03055576910644	27	2.0992531542979673	0.0002896025861060611	0.0002174733071288918
67	-52.397060620350615	64.986142301804	-128.51980311516778	21	2.7342351408040817	0.0002739330406012706	0.00014698503647439867
68	66.447912837704	8.340165947674445	51.025081530897594	26	1.5468167812369595	0.00024976579983609004	0.00013898691817519257
69	-63.81361316711313	49.99853309247956	-2.5754101470681006	27	2.4783105623291917	0.00044397937294383743	0.00034381275629443906
70	105.01649492926984	-32.17563079620814	59.24403002542337	26	2.6775123128379468	0.00012140694354177153	0.00045418502793454553
71	52.13833656761458	11.042539246380269	157.45756499467225	29	2.3798961405885684	0.00013348901460235522	0.00027596002990600867
72	-118.3662048317579	17.912009931145974	-93.52575976771658	28	2.165744581205839	0.0003264035080217966	0.00021163486413704148
73	151.11331350225402	-24.780533594306764	117.3765446454805	18	2.2916145735272275	0.00043588818857254213	0.00021602598203627782
74	-53.52013650203918	2.663071137290989	-137.58981822799328	27	2.9654006237882617	0.00025201257657003626	0.00011131360950425342
75	51.174149737124075	-34.36856711367805	-16.274373249411255	28	2.9501737376217276	0.00043453407228761354	0.0002816555930712772
76	-106.33373347401721	25.457787554459784	-20.3798797993854	25	2.4943202171224343	0.00015593105110677625	0.0002182008731675426
77	167.25680156076893	-28.85666480737112	-120.62938621966134	26	2.3636131029981575	0.0004650897813893167	0.0004883083333340659
78	100.56633131184415	-12.288241006015658	39.502694044899826	15	2.5952015717473667	0.00019564318075388225	0.00031291625733067543
79	133.39930414335933	47.34481821454613	69.01077445910688	28	1.6860872283852484	0.00022231957875219467	0.00014251151537675349
80	20.03367377912688	5.90879931435756	124.1916433393718	17	2.5871274990980817	0.00035701313830439733	0.0003527565867880578
81	-172.87609792891956	12.939718251963361	137.169495976364	29	2.3889206916208696	0.0002290447440118322	0.0001029945550516814
82	137.9583770834564	32.41651896208846	32.4154524962956	25	2.602457793897365	0.00042618454769998337	0.00015353641530368523
83	148.006230295206	22.987481430492526	-90.88087762256623	28	2.982535985252602	0.0004992399880024861	0.00043820761918655346
84	-37.90880292950082	18.03160619362297	-29.290523080046867	27	2.260061047678934	0.00039074153161181295	0.000256327905529244
85	107.39364787429038	-38.992738327786896	-124.02191287043576	17	2.58555466849807	0.00020259471803716955	0.00022750794575189634
86	4.864570476026387	-7.128524910686745	-118.5211689426561	23	1.8170507750997933	0.0004789052739192682	0.0004027191594959894
87	121.7249428950492	-21.86169706729179	-160.88256619711137	27	1.9573496922575453	0.0003889347077414432	0.00042337528302903796
88	-63.79525931612518	4.988127288676775	65.4388138310718	20	2.1347602377596893	0.0002737644366196938	0.00033055366111817234
89	-87.77436013222962	-35.62589211281212	64.10913377338649	28	1.563017811776707	0.0002256532046526276	0.00010625367890324796
90	82.03303973380844	3.874439647727884	40.05857707924693	25	1.9881257723894064	0.0002126660634010384	0.00037872307533304625
91	-164.30379143009463	-34.46761424062972	-9.649463722599856	18	1.9270431555584535	0.0002496266039937078	0.0002725783119333414
92	-49.5793637424679	0.357722058391823	63.29616921888735	15	2.8938388382158675	0.0002355705726341222	0.00025077072603306845
93	-141.2654936574533	-36.37551799659785	-75.02177712674529	18	2.3961997512305793	0.0001681758211919198	0.00039369944134980004
94	177.16767717937742	24.92193551158547	-148.15889804686543	21	1.8347005905815532	0.00012962204681322384	0.00023192175505905782
95	96.60974032546737	-28.858594071631064	138.48950149404678	29	1.5170503479750854	0.0001687643759763679	0.00017392588730318304
96	132.79956521552683	-34.399708824151276	-88.51493512671016	25	2.2201596110432744	0.0003963199527429694	0.0001939652742347567
97	34.35617485147981	-40.25351725403563	47.77492073661141	18	1.9449943009855906	0.0003561701614787479	0.00031858821131825935
98	-87.77068401601926	32.873746871367416	46.0047596676803	19	1.7249101145614971	0.00031915820008511443	0.0003419638538947165
99	-28.39715299800559	41.28730855328154	-20.417020017695343	28	2.3483754114947883	0.00048693646815848847	0.00016012884515647366
100	153.1190055900319	43.180043953884095	147.447433433247	23	2.5745392287600968	0.00033191165487548284	0.0004604983009729512
101	-127.99109656735592	-12.686733575923641	-22.752588406167884	22	2.803276268045238	0.00028527391365547	0.0003429613539146473
102	17.090133920013653	-44.84355607591302	162.00524480451605	28	2.410397026699923	0.00045366567091982915	0.00021572282587204296
103	128.72832436996254	-35.61146351462657	-53.63070009597654	21	2.855593211824454	0.00030957107177292096	0.0002621859124790938
