0	98.40256864348024	70.85697668857871	44.59554397303394	29	2.916510397672479	0.0009384363163112458	0.000940163392214318
1	16.717920285497545	-52.742663479149414	-123.14120456165443	21	1.9820254678827307	0.00094765106825965	0.0007332127467629004
2	-64.26618671838625	4.504942328945233	-169.47555713625457	28	2.5911205437849105	0.0006583170340060026	0.0007583786786198908
3	140.85276147175964	35.97242537423794	45.485218059119084	19	1.7900970069595192	0.0005545314019093756	0.000788424834487609
4	147.42328774103933	-11.821220980235474	88.48828921892947	27	1.6370475983734893	0.0005088538772967795	0.0006860468881494297
5	-105.05398428746781	0.5423868720133574	82.70929990365055	15	1.8616102741767215	0.0007064721575059995	0.0006111223966843909
6	-146.0136412090768	48.212288026908766	-78.64302347530864	24	1.9638882142994227	0.0006039501444063102	0.0007735479140497199
7	-102.95858873879587	-9.127183667159466	133.5149344109769	16	2.5335085883580506	0.0008207264166585223	0.000751817832895957
8	56.07617431971194	-3.3472096258929707	-124.1538506031707	22	2.159048052570882	0.0005979325780356739	0.0006867505875108841
9	136.13709239736738	-39.78392846384225	-129.12478526921882	29	2.4934330096172372	0.0007754182188264973	0.0005714804991737093
10	-27.576685999571104	-57.00513550865039	21.03749503000985	19	2.5118100403478056	0.0006394953779981795	0.0009304404639697815
11	-4.255997058540831	38.019423882031525	-29.516945979754407	18	2.883523637438348	0.000529796922339603	0.0005618861617335438
12	31.64031526854419	47.732666706597534	49.50908479615737	27	2.7373686267832307	0.0005201142577178958	0.0007465745995066729
13	-23.137955164136674	19.61354882597743	56.39529076744095	17	2.766585711132899	0.0009149873517413988	0.0005505150075150735
14	161.7413239009135	-78.13166033174079	147.60316307733981	16	2.529257420376899	0.0009458531738539952	0.0006751859313613328
15	-34.275990158810735	-53.635360009533095	31.749636414898912	23	2.0531588139936696	0.000955776221999112	0.0009688966659839378
16	-1.0902863058197887	-6.595345465326438	-3.146569858693342	15	2.147955053146213	0.0007004868329903533	0.0007511582827409914
17	151.40977971175369	52.58799867343247	177.14823067494382	23	1.7758201091201355	0.0007261748707226199	0.0009757557138655338
18	-117.49165242260344	47.81153420229682	41.81378046889025	22	2.3051250322752	0.0008435510619972214	0.0008452391229949615
19	-110.5938568887859	22.76553245094151	4.144255841141915	15	2.1271090002893485	0.0009779709392958326	0.0007816093710878647
20	57.99189945330513	-46.47016904329002	-78.96969626117648	22	2.8694830140952927	0.0005119372245302383	0.0008057368427311568
21	-92.92693080212845	-38.8800690376391	-129.19034530858477	28	2.400056743626644	0.0006175315441410457	0.0009566873565274691
22	17.9870128218288	40.00238372105906	37.60858289555627	25	1.8921602536372473	0.0009437720665375117	0.0005268671152447223
23	-49.92022467826489	37.42894907484364	175.04103283601833	20	2.963094515885552	0.000587511849775808	0.0007400445121159862
24	-163.85295815928114	-15.945859235289927	-55.010386507882366	19	2.662921545378344	0.0007801991409054515	0.0006337985498810273
25	127.77728038630576	-16.744868928284255	-84.68139886096935	27	1.5894953722365974	0.0005190572286439777	0.0009450122578516722
26	-0.20982155706422073	34.31293754345495	49.91941211728147	16	1.802010454164969	0.0009065394087932345	0.0007046104971888707
27	-151.2339157484256	4.389843462275355	117.4880981807373	23	1.685126326768791	0.000818516108623608	0.0005271291259427932
28	-142.05276673982593	-45.32278402329774	148.6992566564526	25	2.3284218012419293	0.0006493821453214543	0.0009437134845674633
29	136.4172753486786	3.4593710782804705	45.02028554514577	15	1.5676916855439154	0.0005119363993670952	0.0007502114218558031
30	-165.0185809551841	-15.12449646928367	49.423248414047215	22	2.722224659329035	0.0008186816759812588	0.0005906451007955221
31	-138.51160780600193	-38.52692340805489	95.27265357548083	24	2.177498395105736	0.0005725094230446186	0.0009427795022889803
32	-179.0557042254203	20.30418397134846	125.00124582956322	21	2.369913176704234	0.0005132806505139157	0.0007338818859721716
33	-118.52366716107696	36.45153731467666	37.439748267916535	28	1.5391859923743478	0.0005567119969305118	0.0007236284234028549
34	173.48185302080915	-30.038303158523213	101.61942749780134	28	2.5587181804032673	0.0006873161323189059	0.0005544903667644987
35	94.93667098121374	-40.26582079928738	165.36947310426763	22	2.1736223307540783	0.0005462550336611564	0.0005349267241825827
36	-94.58530430260359	25.70406430055407	76.28025663909459	15	1.671369138105693	0.0005891596772101289	0.0007949001603121113
37	-56.070871496900565	29.93296742057564	30.493299815782297	23	1.79036936883736	0.0009378957180110217	0.0009623990534466027
38	-172.39736920604213	21.844758096448082	-139.54811258070367	29	1.898586408343931	0.0009944361621520873	0.0007908162094203788
39	121.26908163761948	-2.926783337758318	-135.79148312656517	29	2.4836726440860253	0.0009324296517310231	0.0008175712463594994
40	44.092291313442885	-18.239204668581515	-109.30590253924932	22	2.191004260202078	0.0007409465844042401	0.0006427107717144295
41	113.00253430999072	41.802035958733256	109.32195356713633	29	2.3445805024720054	0.0006629541183006398	0.0007732018784166104
42	21.996312639254405	43.98761256681595	-133.63942726784205	19	2.6181992222694586	0.0007070215387932899	0.0005153135826575765
43	124.52799073671488	10.142603581395104	22.714628328061664	24	2.9053446752189744	0.0007621749410353039	0.00063798172064197
44	111.32160845411016	37.37376143754877	-146.21284487681442	22	1.8171360618127412	0.0008436938500637054	0.0006153441743705035
45	116.02023553259204	-59.25232024724373	-47.49227945134766	21	2.1289117501433696	0.0007069540552136872	0.0005578760627841104
46	70.88181288147018	-8.123384604946262	152.90444270870628	25	1.7436891646356318	0.0008142009125466184	0.0006308648516916264
47	-168.74173138439804	-21.53799750436587	-138.7912430234481	21	2.5253865298665765	0.0006037074657071016	0.0007869309142007979
48	66.57439494288711	59.02776500296005	-100.34094035699495	18	2.1580932710970995	0.0005684867672819825	0.0009460734526773624
49	54.66225881563287	50.341847886042004	-108.91561802683741	25	2.6681911303220787	0.0009214791768997393	0.0006755046191702365
50	-126.13446204028727	25.707633236450377	106.50256719502829	19	1.58360762029801	0.0007720751985755178	0.000658284310056899
51	-84.75371038890725	-23.89703311072239	-127.589590470217	22	2.83122549814079	0.0005831974689409792	0.0009133561749976633
52	159.87467882968255	-23.7481926036265	-16.623124144265514	23	2.9179056182776155	0.0009413791929680104	0.000627152583450493
53	23.915037190533923	-34.26348377844146	9.95091508994854	27	2.16148208008355	0.000920666810275708	0.000547479238593778
54	-79.11313714531978	74.36132942151353	-27.910959414786625	27	2.73634557327118	0.0008482304439867169	0.0009464982936193578
55	31.158832070156137	9.71746531038361	143.64408490377042	29	2.624744583944144	0.0006262629817091451	0.0005384737275010102
56	41.732189375712686	25.49412577425038	68.4928274248531	20	2.1886383482020557	0.0006466433131214023	0.0007648209492616241
57	-12.643717978232011	68.78597991213414	-10.948336873584873	24	1.5065343346015183	0.0006477179018820645	0.0006310372800587139
58	47.47476763092636	3.635337350947378	-105.80491903787998	15	2.631874309752378	0.000827983683467777	0.0008309329759380152
59	151.15114787360238	-3.034942455538555	-74.8599573606119	19	1.6510053193723804	0.0005577961507161294	0.0007535720942506827
60	-29.246475930012764	-50.05926807825137	147.72826708831246	19	2.115198331698265	0.0009987275317537136	0.0005912449231048921
61	-48.20876817298724	11.798199987640762	17.033625632177873	26	2.703314274642266	0.0008189858518648004	0.0006279239352384255
62	169.50583384674027	62.71509798166161	69.43619072871263	29	2.2477588487650055	0.000923123374814927	0.0007623930404628888
63	-78.06206187200445	-41.12219234077097	15.5449939249364	26	2.2714476532998633	0.0009843993258390159	0.0005206075033886503
64	-161.49377327037936	-28.084994689606432	-41.78973916275057	27	2.9259542718337177	0.0009845507126831064	0.0008624754843969548
65	-171.7683793935574	32.88053893037228	-41.03474247350941	19	1.9108792484510393	0.0008456109720865572	0.0009820146071888394
66	125.8384245396226	33.31093757735943	-110.79370696024183	28	2.1094508398041802	0.0006873064446934025	0.0005064775281512029
67	77.38390154410266	68.88181977114839	90.31757582469369	20	1.6283197470511341	0.000558657263480052	0.0005140132253812067
68	-124.52981123356386	19.261781990541508	110.57036763533891	18	2.5014112048342882	0.000809320394750131	0.0005226070848127536
69	-73.94466000391698	36.18205168752825	-41.86608921372704	16	1.5895492960084803	0.0005608701702022811	0.0005540204550379362
70	-177.165935590271	59.65143514003447	-132.04116348323444	15	1.8220523697644075	0.000812114385749869	0.0007656815329212892
71	32.44267787884628	13.602953276086842	80.33561838309583	27	2.587214538692843	0.0008652406550034547	0.0007986627571170033
72	32.02769100815194	1.3408435219468096	-13.476400345192326	15	2.8003433123536805	0.0008255274472770222	0.000946775448914048
73	-138.12013313230185	-18.744220692810927	45.94173847265431	15	2.1536449809779112	0.0005755070961584717	0.0008468520401479021
74	28.223408521839158	48.17461113405807	143.18380039340028	15	2.872735047665394	0.0009244477400844812	0.0007318014468177805
75	169.61963356959978	-44.02540921469624	-76.83496332634905	24	1.9215848994765836	0.0005854889421478316	0.0009168856248121058
76	-17.39369679182332	-16.83232564582595	-3.5294109053050793	22	2.1388962678676258	0.0008888207268535348	0.0007615863234400743
77	-1.4887742205269237	-6.618412918047543	115.6229546870671	26	2.5565882948137872	0.0005275868121017507	0.0008778225364375297
78	-156.44430663362917	-7.284957920792379	94.72646690088604	23	2.4033897811900706	0.0008967292735952365	0.0009124148137344657
79	-40.34253710000774	10.323731891233546	-158.9134487696065	22	2.40839094927804	0.0009086294451716657	0.0005813721297775931
80	-89.35962771986935	34.09420358556289	-26.652861988284293	29	2.974043764333567	0.0006659980270109793	0.0009998292832581524
81	-20.25915435959059	-57.82781710392209	-23.50424653063305	27	2.0927385573643806	0.0007573220845992058	0.0007776997109073966
82	61.014541419073716	-16.09670781017315	-178.7761691859043	21	2.3773207113368873	0.0008709148637244055	0.0007940978519684386
83	39.59696835768745	12.751950527964752	-10.871707786475802	27	2.621294895170978	0.0005272890782973147	0.0009176091741763032
84	-165.88216634674268	21.679902529240383	178.47207598215337	28	1.5990137590251952	0.0009333640476292183	0.0006064453485219245
85	15.239950950280535	-45.06772360809216	137.56011532432083	20	2.1000075689806237	0.0006023307780225562	0.0005606244059376709
86	56.59479927160243	-38.59200295742278	-116.16425634038833	26	2.6849937938669544	0.0008929632061615432	0.0005689915780637199
87	-138.80053561213938	-10.150906374412333	-112.80976042541228	25	1.5733049791324214	0.0009183989404111111	0.0006017490618413253
88	-10.719504918946626	51.38281033599446	-152.4046169417338	25	2.0913115218617477	0.0008275710615204632	0.0007894294591231676
89	-109.94767780368161	-65.21792976413778	81.42741553910477	25	2.2719981661526347	0.0009615624105908389	0.0005851462662463391
90	156.6792623196364	-24.828968827100873	-3.204810826990928	18	1.8636358258992904	0.0009392530652751337	0.0009639901974151143
91	-115.15887519271911	21.401795879276214	134.10116796459164	21	1.5447872477661422	0.0006869406439567224	0.0006150102283206324
92	-57.32932578299353	-29.89759675013522	-92.49458180092253	15	1.9809248199102276	0.000919657373054196	0.0008427738843330197
93	77.26662903341389	21.772583783816007	-91.25934110367257	17	2.2935572108514575	0.0006841737075027078	0.0006757811803280378
94	-143.90367822067495	13.245451375249177	8.189935448357431	28	2.5177081590020647	0.0008443606718429857	0.0008258229335722713
95	10.04366977044666	-4.11147789341658	175.83017400879075	27	2.0656953402523666	0.0005684927722458166	0.000628549624448917
96	-79.57622086150751	-64.01526815796882	53.1910479372586	24	1.6919909122060217	0.0008496357650714132	0.0008248120548810629
97	57.68690962674249	-26.020076614060528	-126.04545402055504	29	2.4098165465043655	0.000912909723672164	0.0006191565148347051
98	-148.7883050886066	9.54578604540615	-62.981680539670414	19	1.5761505972611718	0.0008179467360107889	0.0005503536113782162
99	-99.40329106559011	4.9074891104055	163.03781840432634	16	2.233173899469759	0.0009712423476615668	0.0007290071885682132
0	-148.3740828427758	-17.87370781929411	-131.5896094640022	15	2.0577919284307216	0.0009383349443477255	0.0008580035367490471
1	118.4624573350175	71.25599086226566	35.28404760659961	27	1.9797065320028358	0.0009701257650505599	0.0005949707922367183
2	-144.12071801262985	-57.20743667053738	136.04980957700826	21	2.3567636675884143	0.0005774914843076576	0.0009288217524121456
3	-179.99955155184742	-50.893053593464195	24.33544723761647	19	1.675328297084732	0.0006245795282522955	0.0009345469977049521
4	-80.83879744655239	-67.58211141803476	178.06333084494437	24	1.6512904341821977	0.0005669454383568405	0.0007925432682613425
5	-138.37418899174392	-13.935459550855764	144.21308640486933	18	2.0442112853398724	0.0007274500580503963	0.0008343719639434194
6	-140.43260909472724	50.688281529452475	32.225528573603036	25	2.0709002185353813	0.0008480764103953582	0.0009887988871330748
7	-81.91726230313313	26.597248770256886	113.01199854998991	28	1.6978772912809705	0.0007087514361096843	0.0006056193917148465
8	5.449315091374504	20.342094953335174	-86.58146915297777	22	1.7742191663658549	0.0006109215446921741	0.0008192242457428351
9	81.69283546307415	-66.4323348847924	17.147750292029716	16	2.0385700185371847	0.0006577199955740884	0.0006278330023684308
10	-162.98413431351668	-1.927300607499237	-179.16079271685612	28	2.1614187484919043	0.0007363544888167198	0.0006076614880840247
11	-117.7063399674797	44.88419127680506	113.07314889793207	27	1.5435382591960518	0.0005507586705016704	0.0005051928247199179
12	-105.2565886857443	35.17253078106103	-21.103546206971917	27	1.8629902120411876	0.000539663166590592	0.0005992435753639336
13	-129.95591874971626	-61.636115210290185	-1.5930050990019569	22	2.498001267872759	0.0009445281835098417	0.0009825639729658872
14	128.08853314744974	-15.750313837105764	-43.59067550560997	16	2.0153839082836296	0.0007719038609129937	0.0006328967156377483
15	-23.32503168157914	21.23190087584356	-168.95534831684776	25	2.9949142784850062	0.0006342827066921971	0.0007164398102475417
16	178.99038099819163	-34.72716219857789	32.98347730365909	27	2.036041258303271	0.0007016360978126261	0.0006498052143227315
17	-71.59060871971127	-18.3324084743415	-67.15392444084425	15	2.2777453693619005	0.0007716745202356729	0.0005274975657855704
18	129.32451589383814	-12.053746644293364	-103.62162620681065	29	1.9092665657527406	0.0005625705180077613	0.0008684979855083853
19	-134.70256795202653	16.94865569655028	-179.50239977904087	20	2.3472246541583575	0.0008601760987071289	0.0006494334766256181
20	-120.0548100452956	-24.304976212198174	176.74926164128632	28	1.6456508364001887	0.0006824632182508867	0.0009976254046824154
21	-95.00504801155381	12.78858363729525	110.8319153268078	28	2.3629565479384507	0.0006555289707098843	0.0005912359652918387
22	178.1693290097459	63.52129403115288	128.03444865495274	19	2.2265598022100512	0.0005603620246409575	0.0008409112036298729
23	91.82391447827398	59.93055578635274	114.97908180404303	28	2.9196758706486383	0.000829655735340371	0.000759435974267246
24	-82.18940686083393	7.913620870945244	149.11145938215265	22	2.7226097702732757	0.0007951306030538732	0.0006655675800461883
25	-172.05555858136773	-6.820042817154602	119.37399156188138	26	2.871820324185795	0.0009522507517926289	0.0006654034096495443
26	163.61753714081493	7.822075298906637	137.2617622989872	24	1.5576355987385035	0.0007784297700959412	0.0008587325794740014
27	-14.758493948388837	-3.076475984375738	-108.67901451590377	20	2.9345999399563083	0.0006278206512509009	0.000824022322296688
28	39.85844181959644	41.564583726726994	78.25017704783896	24	2.836672058142381	0.0008887257967327649	0.0006000540864587515
29	-50.9799250869238	14.206369397666471	100.94492870320325	20	1.7247623585665095	0.0007244924171451153	0.0008263636789086213
30	-57.00144285468337	3.6553785172039666	-155.97943945356928	17	2.113870120088278	0.0006264004094709754	0.0009890008052783595
31	15.49481994248216	-46.0196225131787	10.977863997119718	25	1.921232297540794	0.0009037798766152761	0.0008696922305494614
32	-3.2784964942158967	77.50751494629323	162.33785096205932	22	1.619015912421283	0.0009769129322354459	0.0007018749044866161
33	-161.46732691768673	-25.701507954857693	-55.114908175161304	28	2.3374216993632047	0.0008564438176393923	0.0005901135222348836
34	51.188964014382535	-6.608378763517455	147.78555649921245	27	2.3233375543399086	0.0007394678879021791	0.0008993960329997934
35	-35.88242318760656	21.956261286273847	-83.80605567196878	20	2.758891756156769	0.0007358697727722205	0.000658771926814175
36	24.94584155289292	58.08942515340792	-151.7780037820633	18	2.1522675827891664	0.0006945323690006348	0.0008022397003674547
37	99.55308610241396	-19.341134165859366	154.69426701713354	18	2.4647105848358044	0.0009985478582665	0.0007864858876140369
38	-47.14309783584876	-44.05317830282752	89.2411473276676	15	1.705012824925826	0.0006316550805485686	0.0006253636819296929
39	-18.167124523672797	30.64748002195897	107.46241772595064	18	1.7377228843052344	0.0007873027803962762	0.0009352339249081671
40	112.87384536066034	-67.1625216962542	-109.78670756901047	26	2.812829214787225	0.0006010948485611627	0.0005468581049048425
41	55.34383398163028	22.45004330897652	149.15832794647048	15	1.6100610688009787	0.000522050382807429	0.0005595574985918498
42	143.431625197059	-59.97858705393321	-29.136373523352578	20	2.3929428243229505	0.0007180900205622409	0.0008369686976491032
43	-114.46247671641291	-52.05053178850523	-80.6559717316553	18	2.4073011536559985	0.0007276390335271257	0.0005571581953681023
44	80.91626177753189	70.88422617122463	169.29269391688098	22	2.928795224784289	0.0007424237414619113	0.00056794897311428
45	-178.55719895631762	7.2811404177843375	-42.15755686533796	15	1.500342188132688	0.00061736596658648	0.0005850623920029635
46	28.21237415077064	-60.94813963527826	151.34669070441126	29	2.088717781886858	0.0005800571286174104	0.0009780512887926894
47	-87.0685502477354	-49.29389402078628	154.17015350177834	23	2.2974768836157122	0.0007691181722236735	0.0005586870213986132
48	94.64350790555405	-45.40180305036917	50.59422083487059	28	2.176060635985225	0.0007238170410734607	0.0006956634601432638
49	-131.34637330260688	-47.4322917253968	57.756116933234736	24	2.185130900530878	0.000632160257959332	0.0007529523660245632
50	176.76688278837713	38.27045892190223	-158.89131310742982	27	2.827230258329965	0.0005091826989313151	0.0009270155350447804
51	114.40632700377051	31.4220129420799	165.69420854561923	18	2.7488955913249864	0.0006961293363601781	0.0005045634401129091
52	179.43008471319035	11.890591221282296	-4.0034641096993075	27	2.809601151539371	0.0005393029039905745	0.0008876806092979487
53	75.28517159845941	-38.85259387506598	97.48274931178213	22	2.716168682819135	0.0006468369812085999	0.0009411985793837532
54	139.96530268130985	2.725102521786157	-2.1278620257212117	28	2.667339947536661	0.0008723986688013972	0.0008346959248763134
55	158.99703876476966	-54.54128337833218	-100.65695349614175	22	2.7290457781703052	0.0009831720039087462	0.0008631336414233895
56	129.08390399332814	-31.577415510728912	-124.50171001560953	21	2.7108185106233096	0.0008487889864402411	0.000648194636178164
57	150.14290266329738	-8.882505839531953	10.636898124268566	25	2.2873097188636926	0.0008100580244150783	0.0007485847095290274
58	-82.86105501948185	-28.97415495425511	-177.22707846193615	27	1.6548215488691351	0.000893368982113931	0.0005606357643171147
59	6.796450348654439	3.064025298393	-137.71323297768464	17	2.6135938970235846	0.0005310684372174037	0.0008042238981862521
60	175.8097507269643	27.135524768847095	151.35896291826435	17	2.3984022610372664	0.0008938049054537557	0.0009144373864738199
61	3.073534734232453	-26.160722745840893	-115.73791702448911	16	2.5365155332496436	0.0009245112814290175	0.0008137250844102986
62	51.81469300564057	43.12184141980702	-38.311105780885434	25	1.8368766004887227	0.0005687146402573233	0.0008848987352495563
63	77.31156902945757	-30.373874120887784	-121.94090050829452	19	2.2326323744745515	0.0006520764867637116	0.0009391240892940783
64	-107.95408853422919	-20.36740149924354	-108.24583788034397	22	1.9142636919800347	0.0008169985300850142	0.000585572256911744
65	6.309398709289373	34.735320239936485	-33.06790310511829	25	1.5396598265225545	0.0006042246224778377	0.0005774958626045388
66	153.7992430027771	52.52265210044904	158.1746215269616	19	2.9655204220599454	0.0007808224644699903	0.0007037383394729769
67	-6.379495688063595	-31.785912788352615	-53.85413882429383	16	1.6073723102821664	0.000948495753002571	0.0006008057923228956
68	160.48883842569668	6.0365819742249025	120.45146671268975	22	2.592871350246671	0.000921335229079465	0.000890335393765807
69	-51.66671422644518	11.283652503330536	109.47926327274696	16	2.64468754440055	0.0009117256405264812	0.0008339159091939264
70	-78.78471585229727	-65.27513201405384	-100.0945080962977	16	2.6400596502116684	0.0006269316724397578	0.0009773449969045199
71	87.55777694520786	-33.77805104885666	122.10459249590028	21	1.691657398818053	0.0008153566378121651	0.0008394330894395511
72	-36.40809805284218	-63.22886037200514	-69.5005308495014	15	2.7710250614402874	0.0008614196045486932	0.0005468163322883985
73	-72.06420591470874	-35.57243084843989	120.4481219000775	21	2.185416686313938	0.0009771423930329064	0.0009820294079225167
74	160.30210660498838	54.7798878549984	88.96040670651607	18	1.7081390667359972	0.0008137917165334972	0.0007958245089074636
75	-151.49751680731023	-53.79502795575355	45.88036316991689	19	2.080645389815356	0.0006622382234635598	0.0007618312142688884
76	-8.891632059486605	-7.910585970748861	-103.14014549646518	23	2.885442404035746	0.0006156322902257119	0.0007890544278998149
77	62.809881607117866	15.149070232959154	22.514131935799767	21	2.2958849127159358	0.000542975233818219	0.0009870930447733795
78	-83.9826106465139	54.364874641214094	-7.155556835575211	15	1.6513105785623077	0.00098074368546893	0.0009266614628238305
79	50.75487951651162	53.092613702625165	157.11174319289404	17	2.2742164766377773	0.0008588541805869516	0.0009627600955945692
80	-130.4202233847913	-23.677892886507152	-9.941623550523056	17	2.2501833370258035	0.0007609271675278635	0.0008184692744619749
81	-136.9880765140232	-82.21169985541529	-75.79410589142363	23	1.913153599576571	0.000960084692555891	0.0006709131720487414
82	-133.0375508877483	0.9500124749474876	17.44372032390906	18	2.0224386831760723	0.0006379025106197245	0.000564885717754216
83	-169.76051451657545	-30.465776642162556	131.82847265886303	25	2.69251022611403	0.0005897429748866961	0.0005025042051997016
84	138.8915445227992	32.97527854816441	149.51419016167668	19	2.0044383222200883	0.0009489508198468743	0.0008994043358850457
85	38.88089467516704	25.46699311831168	-22.45524861609056	16	2.5109563311562826	0.0005334264027513527	0.0008740937082279637
86	166.01464846808574	-71.58652079362768	-83.68778690244226	25	2.5244595202406943	0.0008345938677947558	0.0008041457617319536
87	-46.02371720865656	35.634382976336575	-64.92790307623986	16	2.8509119965383363	0.0008207499221524534	0.0006626371789454571
88	-39.44844330208267	0.021044852632168525	108.82396989187176	28	2.0458902694348993	0.0007330184179128313	0.0007497545143085333
89	-29.40054155520827	-41.28315685876747	85.44784053716353	26	2.927833721636424	0.0005088259012287139	0.0005521452945032907
90	-120.52046537216728	-42.089534294533436	-4.744894873192748	20	2.023582654889167	0.0009282109256791194	0.0006534239800135578
91	174.8559348534099	-18.1361911549346	2.245790361739203	21	1.5327370213503178	0.0006537663677118071	0.0009140466861372921
92	-171.66133205824053	-22.13724983278492	-7.0980327723221075	20	2.3050833187199764	0.0008980789779151078	0.0007403964432538974
93	98.3168719502613	-75.19393199509005	-26.763004580576453	25	1.6575700421978685	0.0005894836687897245	0.0006849881805723729
94	-89.2876608000082	-1.2800131489467752	114.58018398432499	27	1.5949632565309417	0.0005301619877364718	0.0008871171901975647
95	-128.04146991639985	6.860548423283883	-21.120129318079567	22	2.2554747781583875	0.0006528910616360665	0.0005129889549521177
96	73.55667216660723	49.774687329321	-39.11326076323501	23	2.4503939220217856	0.0007213938423988014	0.0007404264290818904
97	-72.18391361647697	27.017399624103433	10.036472054608259	15	2.876880564051256	0.0008426533100898569	0.0005860774156228161
98	-58.44916606455493	-32.41904490744002	43.19443397770395	20	2.427059651687673	0.000849060101170771	0.0005578917756569721
99	-157.13584615440456	-52.61330452732368	171.87793692139277	27	2.8100049115419843	0.0009313555153282853	0.0006219698629177694
