1.085185185200953639e-01
1.429100529132066033e-01
1.951851851914925551e-01
2.457142857269004610e-01
2.865079365205512318e-01
2.992592592624129244e-01
3.207407407281260281e-01
3.262433862496936232e-01
3.413227513227513055e-01
3.522751322625175541e-01
3.630687830813977834e-01
3.730158730221803665e-01
3.854497354623501737e-01
3.944973544910471142e-01
4.089947089947090220e-01
4.191534391534391668e-01
4.297883597883597750e-01
4.332804233056527510e-01
4.488888888951962364e-01
4.644444444192149524e-01
4.686243386306460090e-01
4.798941799067946157e-01
4.806349206475353797e-01
4.922222222474517128e-01
4.965079365079365092e-01
5.070899470836397471e-01
5.099470899470899266e-01
5.153439153376079274e-01
5.118518518392370931e-01
5.204761904761904256e-01
5.293121693121692894e-01
5.393121693184766974e-01
5.420105820231967408e-01
5.425925925673631411e-01
5.510582010834305100e-01
5.522751322625175652e-01
5.589417989165694767e-01
5.669841269841270348e-01
5.741269841017546671e-01
5.805291005417152483e-01
5.817460317586464758e-01
5.870899470899471062e-01
5.884656084908379547e-01
5.913756613882761304e-01
5.929100528974381445e-01
5.989417989291841993e-01
5.971957672209966539e-01
6.077248677122529807e-01
6.124338624086329563e-01
6.169312169249095978e-01
6.187830687767613691e-01
6.190476190539264678e-01
6.197354497480644930e-01
6.316931216805069527e-01
6.305820105820105770e-01
6.341269841017546094e-01
6.374074074074074225e-01
6.408465608465608865e-01
6.419576719576719492e-01
6.459259259385407015e-01
6.428042327790033372e-01
6.549735449861596726e-01
6.503703703451408913e-01
6.547089946963799978e-01
6.551851852104146889e-01
6.577777778030072797e-01
6.569312169438317195e-01
6.693650793903088703e-01
6.670899470773323792e-01
6.662433862181568189e-01
6.749206349458644061e-01
6.689947089694795457e-01
6.792592592340297442e-01
6.827513227639374627e-01
6.751851851851852215e-01
6.828042327790033728e-01
6.807936507810360416e-01
6.806349206349205927e-01
6.897883598009745265e-01
6.858730158982453418e-01
6.955026455152601983e-01
6.933333333207185589e-01
6.957142857142857295e-01
6.928571428571428381e-01
6.979894179768032503e-01
6.994708994582847783e-01
6.987830687956835263e-01
7.093121692995545402e-01
7.030158730158729830e-01
7.055026454900307220e-01
7.082010582010581645e-01
7.107936508062655534e-01
7.151322751196603766e-01
7.123809523809523370e-01
7.164550264802559409e-01
7.197354497354497838e-01
7.171957671957671643e-01
7.201058201184348251e-01
7.242857142730995124e-01
7.248148148400442858e-01
7.225396825522972799e-01
7.314814814562520251e-01
7.322751322877469882e-01
7.280423280549427334e-01
7.231746031998326218e-01
7.355026455278750319e-01
7.286772486898633883e-01
7.386243386369533148e-01
7.344973544721250525e-01
7.330687830940125771e-01
7.421164021416315482e-01
7.441798941546646784e-01
7.398412698538845422e-01
7.378835978962126063e-01
7.428571428823723677e-01
7.413227513353660703e-01
7.424338624464771330e-01
7.482539682287387972e-01
7.444973545225840317e-01
7.438624338624338916e-01
7.492592592466444934e-01
7.462962962710668613e-01
7.509523809523809268e-01
7.522751322625175208e-01
7.527513227387080397e-01
7.483068782942635666e-01
7.569312169312168992e-01
7.571957671705377146e-01
7.557142857016709847e-01
7.612698412698413186e-01
7.656084656210803141e-01
7.612698412698413186e-01
7.691005291257585474e-01
7.605291005291004991e-01
7.652380952507099598e-01
7.645502645250350504e-01
7.575661375787523522e-01
7.636507936634083782e-01
7.655555555807850299e-01
7.619047618921471754e-01
7.644444444318296839e-01
7.724338624590919578e-01
7.637566137439990577e-01
7.687301587301587080e-01
7.684126983874689509e-01
7.681481481607629336e-01
7.760317460569755577e-01
7.693121693373987657e-01
7.744973545099692602e-01
7.726455026581173779e-01
7.746031746284041120e-01
7.761375661249514391e-01
7.759259259133112208e-01
