2.204123015227141380e+00
2.162490310568027319e+00
2.021988631127372482e+00
1.850152918724786710e+00
1.739083799710349432e+00
1.677640793588426327e+00
1.627043611208597751e+00
1.589456458697243280e+00
1.554241931703355561e+00
1.512493104531020816e+00
1.481015368870326476e+00
1.459797028031929456e+00
1.416112934117594646e+00
1.392514512349688927e+00
1.362714192905123189e+00
1.331071643148149741e+00
1.293999408843025334e+00
1.277774682675719919e+00
1.243781968853461040e+00
1.222585604052064179e+00
1.208833126491970500e+00
1.186486341133319522e+00
1.174012419635025894e+00
1.157344085451156301e+00
1.142487959003953168e+00
1.117417028871162898e+00
1.111664099125635019e+00
1.098896531200913573e+00
1.086700915230645048e+00
1.074680501695663315e+00
1.060834686390306647e+00
1.043952528988873585e+00
1.037680178016581856e+00
1.028149407313614372e+00
1.012511969319096261e+00
9.983954218960312543e-01
9.946612794058663498e-01
9.752380357974420599e-01
9.657540755423288381e-01
9.564284361481035779e-01
9.508625389028478869e-01
9.347997812240842475e-01
9.283948099550115574e-01
9.253025874637421655e-01
9.214398106569966496e-01
9.106976236489714438e-01
9.063307095457006080e-01
8.893854938991485604e-01
8.823218881011639647e-01
8.792852341939532135e-01
8.734601385631258763e-01
8.666852879650378538e-01
8.567514623914446181e-01
8.372371684180365259e-01
8.450780122494571112e-01
8.387411462566839448e-01
8.296238352760435530e-01
8.245485935261640531e-01
8.150144317919615355e-01
8.106928161969260138e-01
8.090100961261325052e-01
8.006260138718539476e-01
7.994524803363456389e-01
7.902690911797619622e-01
7.893728265055903748e-01
7.885464051413157982e-01
7.756297011476345205e-01
7.560619492631740490e-01
7.686069278489975343e-01
7.686848588090725576e-01
7.525451082022732718e-01
7.570608892138042112e-01
7.434427736549781285e-01
7.457272022741812112e-01
7.443900826746824295e-01
7.387925280086578006e-01
7.398723079287816695e-01
7.317866840312089449e-01
7.190011602860909568e-01
7.279135385139909875e-01
7.089320756770945975e-01
7.151158513089336255e-01
7.035189677924705842e-01
7.075185869358203705e-01
6.989132426781629048e-01
6.957016992695117530e-01
6.956666754162500466e-01
6.873416752159280385e-01
6.911801514423713266e-01
6.844295622810484536e-01
6.782899860604099107e-01
6.705354832846021074e-01
6.665851742123800605e-01
6.731111455342125849e-01
6.615302241353130386e-01
6.599568983360573071e-01
6.556704030970417207e-01
6.489645668060060046e-01
6.481136004382340721e-01
6.544832343399209496e-01
6.493424628525183984e-01
6.434406903685716550e-01
6.283064139583123264e-01
6.442087108369857207e-01
6.422952738010063722e-01
6.313953574246199407e-01
6.366374209570506704e-01
6.220420222938376487e-01
6.285560983450955153e-01
6.207867873408806636e-01
6.183585213353394172e-01
6.121830556758497410e-01
6.118816577442108828e-01
6.232713231207832605e-01
6.093138841157237362e-01
6.099203861516619973e-01
6.169211356854312767e-01
6.032163501416564211e-01
6.026011645667767036e-01
6.107877541660631238e-01
5.948674580029078562e-01
6.016654791907658506e-01
6.020416956351547499e-01
5.892369330497014834e-01
5.934641958922936000e-01
5.974309846080799735e-01
5.868171290493515713e-01
5.844963283261294107e-01
5.818335846870664740e-01
5.854868657374507901e-01
5.750465384299162652e-01
5.729623737284745832e-01
5.624984572110353076e-01
5.721961990109196705e-01
5.603943483539359782e-01
5.728615192383054167e-01
5.761062416450056789e-01
5.643030593887208290e-01
5.660191296648096060e-01
5.625998674498664531e-01
5.663598977068744489e-01
5.563859121761625115e-01
5.618739572025480689e-01
5.562783565723076196e-01
5.550507219127877034e-01
5.528719998667479540e-01
5.458230698676336257e-01
5.540448919175162690e-01
5.482442197471699696e-01
5.500522685303259607e-01
5.474505197308050519e-01
5.372520062027784649e-01
5.424722021660476345e-01
