1.184656084663968934e-01
1.839153439153439207e-01
2.534391534517682065e-01
2.931746031872179414e-01
3.103703703640630085e-01
3.235449735386661807e-01
3.393121692995546002e-01
3.406349206286132802e-01
3.511111111142647956e-01
3.643915343978417765e-01
3.771957672083819380e-01
3.787830687893761761e-01
3.946560846560846492e-01
4.108994709026245751e-01
4.181481481607629003e-01
4.279894179831106316e-01
4.388888888920425835e-01
4.461375661407198101e-01
4.609523809649956894e-01
4.704232804485098951e-01
4.732804232930380439e-01
4.753439153313006038e-01
4.873544973418826309e-01
5.018518518581591703e-01
5.073544973671121339e-01
5.071428571491645165e-01
5.217460317334170483e-01
5.260846560720413567e-01
5.299470899344752572e-01
5.270899470899470529e-01
5.402116402242549409e-01
5.427513227513227623e-01
5.493650793776940766e-01
5.592592592466445467e-01
5.584656084908379281e-01
5.686243386117239007e-01
5.734391534643829003e-01
5.776190476442770727e-01
5.844973545099692025e-01
5.871428571680866737e-01
5.930158730284877944e-01
5.951851851977999486e-01
5.969841269841269504e-01
6.015873015746868724e-01
6.067724867598720540e-01
6.103703703955998261e-01
6.130687830687830964e-01
6.174603174729321742e-01
6.165608465482318445e-01
6.185714285840433480e-01
6.248677248803395923e-01
6.274074074326368988e-01
6.378835978709831434e-01
6.337037036910889709e-01
6.377777777525482916e-01
6.450264550516845441e-01
6.460846560720413523e-01
6.488888888636593633e-01
6.474074074326369166e-01
6.506878306752159613e-01
6.602645502519355336e-01
6.602645502897797058e-01
6.587301587427735194e-01
6.608994708868561885e-01
6.688359788485935820e-01
6.721164021037874248e-01
6.743386243512390354e-01
6.766137566389860414e-01
6.791534391282096905e-01
6.764550264550264203e-01
6.849735449609302140e-01
6.886772487024781508e-01
6.831216931090783318e-01
6.950264550390697904e-01
6.886772486646339786e-01
6.975661375535228137e-01
6.959259259385406349e-01
6.969312169438316440e-01
7.073015873015873201e-01
6.994708994961289505e-01
7.030158730032582959e-01
7.119576719576720114e-01
7.049735449861597170e-01
7.117460317586464802e-01
7.161904761652466700e-01
7.172486772612919337e-01
7.184126984253131898e-01
7.190476190350043595e-01
7.243915343663048789e-01
7.211640211640211184e-01
7.233333333585627578e-01
7.240211640085493228e-01
7.259259259511554596e-01
7.354497354371206663e-01
7.305291005291005835e-01
7.275661375535228403e-01
7.371957671957671820e-01
7.348148148274296076e-01
7.395238095238094722e-01
7.426455026455026642e-01
7.370899470899471284e-01
7.385185185437479483e-01
7.493650793650793451e-01
7.373544973797268032e-01
7.419047619299913299e-01
7.473544973418826398e-01
7.501058201058200536e-01
7.488888888636594521e-01
7.522751322625175208e-01
7.511111111237258608e-01
7.551322751575045844e-01
7.537037037163184516e-01
7.602116401864107420e-01
7.612169312043164382e-01
7.626455026391952829e-01
7.635978835852688107e-01
7.616931216931216442e-01
7.685185184932890046e-01
7.658730158604011296e-01
7.675661375787523610e-01
7.675132274879979954e-01
7.712169312295459322e-01
7.725396825396825262e-01
7.700529100402953020e-01
7.728042327916180287e-01
7.760317460569755577e-01
7.779365079491227242e-01
7.754497354749648741e-01
7.775661375787522589e-01
7.764550264802558832e-01
7.786772487024781197e-01
7.814814815067109288e-01
7.831216931469225928e-01
7.799470899470899443e-01
7.815873015746868102e-01
7.885185185185185075e-01
7.878835978583683675e-01
7.833333333459481240e-01
7.847089947342241745e-01
7.897354497354497349e-01
7.891534391534391624e-01
7.880423280675574738e-01
7.896825396825396526e-01
7.884126984126984539e-01
7.877777777525483138e-01
7.964550264676412139e-01
7.930687830940125194e-01
7.915873016125311024e-01
7.955026454774160038e-01
7.903174603426897926e-01
7.967195767448062016e-01
7.992063491811197684e-01
8.000000000000000444e-01
8.020105820231967497e-01
8.046560846434699377e-01
8.034391534643828825e-01
8.025396825396825529e-01
8.057142857016710291e-01
8.030687830687830431e-01
7.989417989670284381e-01
8.044444444696738916e-01
8.023809523683376188e-01
8.076190476316623679e-01
8.057671957798104856e-01
