2.197559476479020724e+00
2.053654108173632586e+00
1.833673278187948563e+00
1.699036428209335092e+00
1.640625969190446121e+00
1.596758403424863415e+00
1.568979025013232276e+00
1.548322728197410569e+00
1.523025058968357381e+00
1.497547668779968477e+00
1.464678997917780778e+00
1.432663820508926600e+00
1.399852305972386857e+00
1.380848549434116945e+00
1.342313108696508550e+00
1.321669949349902895e+00
1.288106110966394713e+00
1.262449796464708118e+00
1.236173191423769246e+00
1.217578192602389642e+00
1.196477442822128312e+00
1.187208990596589686e+00
1.165859992617652496e+00
1.129434710961801036e+00
1.118039966689215792e+00
1.107443417291792631e+00
1.094333991020444818e+00
1.078361871128990623e+00
1.058819700586732804e+00
1.059572396682052942e+00
1.035723368175446080e+00
1.023966937241730824e+00
1.018155461518222005e+00
9.944282153800682034e-01
9.932445036418854345e-01
9.733223551038712174e-01
9.598894478025890020e-01
9.530423780976149395e-01
9.464177266125956001e-01
9.362175716924919788e-01
9.318611483599142931e-01
9.229700957404242123e-01
9.064878619032562534e-01
9.018664322076019868e-01
8.981635715217186622e-01
8.903611643604500969e-01
8.775837216553864506e-01
8.675932956120324668e-01
8.697449041800524583e-01
8.619394199684183855e-01
8.500667012683928991e-01
8.455393750705416656e-01
8.298163769737122442e-01
8.354552330920305137e-01
8.239508993411189808e-01
8.180681955498992908e-01
8.118416142589831574e-01
8.034482195768406498e-01
8.006780284296267647e-01
7.909676324627387123e-01
7.896986390926219457e-01
7.906487896833470641e-01
7.759763586962664661e-01
7.713190426523722776e-01
7.669330127277071973e-01
7.592169946715945361e-01
7.513983877626045915e-01
7.499167229637266896e-01
7.385092574326449499e-01
7.430950384039096690e-01
7.267104156433590312e-01
7.236811133414979835e-01
7.270903869154592414e-01
7.187916158242200204e-01
7.128171694846380246e-01
7.050489080267609010e-01
7.079431009166454736e-01
7.010386791304936693e-01
6.925403610991422987e-01
6.952404774055278569e-01
6.865079375297303832e-01
6.784156864786905494e-01
6.887695987136275289e-01
6.732198204565300603e-01
6.660999066741378760e-01
6.625582391496688262e-01
6.543583969842819981e-01
6.576069323284916557e-01
6.504025443899568160e-01
6.527146499749845177e-01
6.435225924360689076e-01
6.415662353316312627e-01
6.376946378763390655e-01
6.211944356166496650e-01
6.310282624713958732e-01
6.277048328944615507e-01
6.175370657254779516e-01
6.198415733140612005e-01
6.141088632553343141e-01
6.101754717599777722e-01
6.124017441966546071e-01
6.144091985591505489e-01
5.997013291606196894e-01
6.091233433175969880e-01
6.030550692762647325e-01
5.908494448031067492e-01
5.905559082762904533e-01
5.893741366472193821e-01
5.829996712497933498e-01
5.871122566606632454e-01
5.783361777615925181e-01
5.796191180446160773e-01
5.694912445608270035e-01
5.705430682752498095e-01
5.662890317200353074e-01
5.682877591804221806e-01
5.641591415708027135e-01
5.496774905446976112e-01
5.637126461412540479e-01
5.603845112033621900e-01
5.509379288759180815e-01
5.454170771502944159e-01
5.378185036825755549e-01
5.493252055102555431e-01
5.420847906637443758e-01
5.382974302074896578e-01
5.351197454412147669e-01
5.378922975630987535e-01
5.324213146911096484e-01
5.358367674817483550e-01
5.309054966704555012e-01
5.269049067472023617e-01
5.196061937014261334e-01
5.268349062828791007e-01
5.284192834581648013e-01
5.098498250315428582e-01
5.097989247967956716e-01
5.173061917572424617e-01
5.133699620211565895e-01
5.018531031898720851e-01
5.089998585711080770e-01
5.103607300917307743e-01
5.120395957162140466e-01
5.060570946824614058e-01
5.102222256559543201e-01
4.967234035143776594e-01
4.955588702108494337e-01
4.984549579796967445e-01
4.970021106074096195e-01
5.068542609202167926e-01
4.834509047250898917e-01
4.915690606864041023e-01
4.860370565879912341e-01
4.819863568664227715e-01
4.741347873463201967e-01
4.837307760765943709e-01
4.776600185525480269e-01
4.745388454356521679e-01
4.818180268529861920e-01
4.870689336521915602e-01
4.766828580382009295e-01
4.784459293960894311e-01
4.736472082831872377e-01
4.773679446543335203e-01
