1.105820105827989980e-01
1.237566137629211305e-01
1.724338624338624393e-01
2.099470899478783625e-01
2.517460317334170306e-01
2.876190476253550066e-01
3.083068783005709634e-01
3.302116402242549764e-01
3.420105820168893862e-01
3.530687830750904310e-01
3.668783068909216016e-01
3.738095237969090712e-01
3.895767195641048342e-01
4.008465608402534963e-01
4.091005291257585608e-01
4.192592592624129200e-01
4.316931216931216841e-01
4.403703703703703565e-01
4.441269841269841478e-01
4.595238095238095011e-01
4.600529100592174458e-01
4.739682539808687256e-01
4.774603174350879886e-01
4.854497354245059793e-01
4.867195767132693751e-01
4.965608465482317935e-01
5.086772486835560159e-01
5.122222222348369325e-01
5.228571428571429092e-01
5.145502645754940207e-01
5.250793650793650347e-01
5.294179894306041412e-01
5.331216931216931076e-01
5.341269841332915158e-01
5.439153439027292203e-01
5.446031746031746446e-01
5.535978835852688462e-01
5.512169312295459589e-01
5.541798941925089039e-01
5.575661375787522855e-01
5.607936507684213590e-01
5.615873015746868369e-01
5.734920635046781845e-01
5.721693121693122164e-01
5.714814814562519940e-01
5.781481481355333907e-01
5.786243386117239096e-01
5.806349206475354130e-01
5.864550264676412494e-01
5.879365079365079794e-01
5.926984127236422095e-01
5.930687830687830786e-01
5.935449735702029717e-01
5.952380952507100309e-01
5.994179894242968043e-01
6.004232804106657273e-01
6.034391534328460427e-01
6.026984127110274203e-01
6.069312169375242760e-01
6.124338624086329563e-01
6.149206349269422667e-01
6.215873015746868901e-01
6.207936508188802716e-01
6.166137566200640130e-01
6.274603174350880108e-01
6.188888888762741347e-01
6.298941799067946379e-01
6.337037037163184561e-01
6.284126984126984228e-01
6.326455026391952785e-01
6.343915343915343952e-01
6.361375661249514257e-01
6.366137566200640308e-01
6.375661375535228714e-01
6.375661375661375585e-01
6.407407407155112367e-01
6.424867724867724394e-01
6.513756613504319004e-01
6.444973545225839429e-01
6.421693121819268546e-01
6.495767196019490708e-01
6.540740740740740300e-01
6.497354497228350345e-01
6.571957671831524239e-01
6.543915344167638981e-01
6.568253968506263529e-01
6.600529100781394876e-01
6.636507936760230875e-01
6.637037037289331698e-01
6.577248677374825103e-01
6.625925926178221070e-01
6.726984126857979973e-01
6.685185185059038249e-01
6.712698412698412387e-01
6.729629629377334998e-01
6.734920634920634752e-01
6.782539682413535331e-01
6.795767195641048142e-01
6.753439153186858723e-01
