2.204340442122605825e+00
2.189157585820193042e+00
2.096478908478267567e+00
1.978269180368494196e+00
1.826931011840779995e+00
1.719696611449831991e+00
1.648709497603159102e+00
1.596982840936650661e+00
1.557564943454883721e+00
1.520140132021021051e+00
1.483432779816723279e+00
1.457114258569384369e+00
1.423296529098793339e+00
1.383594244270728302e+00
1.363845931512338128e+00
1.327881298216562422e+00
1.301586443734547460e+00
1.281401424710712833e+00
1.257031760997873171e+00
1.240093981122213807e+00
1.218744318548333760e+00
1.200246325371757461e+00
1.185572158369437634e+00
1.163847559444488144e+00
1.150465254985466146e+00
1.139388685642726884e+00
1.121926179285402725e+00
1.112062778750424696e+00
1.097405478714635230e+00
1.096397059077308223e+00
1.084963150201020410e+00
1.073590051484486496e+00
1.058305175619781435e+00
1.056427312401867491e+00
1.040964524682867376e+00
1.037764948839863699e+00
1.021088298590725696e+00
1.021684602391782937e+00
1.012372602634328933e+00
1.001806858582471316e+00
9.944838761274146233e-01
9.954634865503462215e-01
9.820806570658607848e-01
9.737216977467613166e-01
9.750991655783678436e-01
9.666170600860838347e-01
9.579725401489822545e-01
9.585801925104131538e-01
9.358953197418696801e-01
9.450389071368666682e-01
9.354834352851544299e-01
9.253334077703889715e-01
9.196710856124837852e-01
9.215693372141116058e-01
9.107713963998057549e-01
9.112041975833751195e-01
9.113001722759670464e-01
8.983766773264244554e-01
8.950230070649001224e-01
8.865010451135181269e-01
8.787556547588771805e-01
8.722511904832547236e-01
8.716974587919851247e-01
8.795220670245942340e-01
8.625164497087872695e-01
8.592798759823753185e-01
8.565232702663966302e-01
8.515006262410885762e-01
8.493879368948558106e-01
8.441794994646909522e-01
8.446383799446953722e-01
8.366523404348463755e-01
8.400282451967713282e-01
8.329172876398399650e-01
8.350733131832546174e-01
8.226232985718540114e-01
8.287758157366797995e-01
8.095264988223080938e-01
8.160162344433012915e-01
8.140525418362289933e-01
8.143471914624410557e-01
8.026348803535340304e-01
8.029557047319160201e-01
7.964381148323179671e-01
7.931225152747340967e-01
7.922003602476977990e-01
7.843807037545259542e-01
7.851588621845951854e-01
7.726288969806892615e-01
7.868841986555270562e-01
7.798701714334034252e-01
7.688865014611098170e-01
7.672403574999047127e-01
7.654487173140994694e-01
7.642507759099284037e-01
7.602849646724720856e-01
7.634398291098377642e-01
7.511729003260375626e-01
7.475010903171761534e-01
