1.088888885246382804e-01
1.563492058111088656e-01
2.184126975517424463e-01
2.474603169848994533e-01
2.661904770112226704e-01
2.750793660562189658e-01
2.976190485651530881e-01
3.058730171076834981e-01
3.195238100394370284e-01
3.425396854678789960e-01
3.625396841338702769e-01
3.923809512976615954e-01
3.996825392047564374e-01
4.187301586544702747e-01
4.250793650982871985e-01
4.376190465594094747e-01
4.530158744208396260e-01
4.633333322311204427e-01
4.803174606391361623e-01
4.941269837556377387e-01
4.857142856196751679e-01
5.104761898281082733e-01
5.134920633974529025e-01
5.258730162703801891e-01
5.358730171407971588e-01
5.438095220024623533e-01
5.482539722607249200e-01
5.520634925554669392e-01
5.506349222527610054e-01
5.687301617766183925e-01
5.758730175476225455e-01
5.850793674351677520e-01
5.825396858983569182e-01
5.836507973689881723e-01
6.039682595975814916e-01
6.015873054663339881e-01
6.019047652445141949e-01
5.993650825250715908e-01
6.073015906981059642e-01
6.173015929876811692e-01
6.220634948639642836e-01
6.284127036730448035e-01
6.265079383812253155e-01
6.349206394146359456e-01
6.273015926754663685e-01
6.290476222832998010e-01
6.280952422391801182e-01
6.365079418534324018e-01
6.547619083098003001e-01
6.511111148293056150e-01
6.436507973879103117e-01
6.498412745339530172e-01
6.484127035216679102e-01
6.585714336898591537e-01
6.590476234753926965e-01
