1.144973544989313363e-01
1.703174603182487368e-01
2.323809523841060543e-01
2.743915343915344085e-01
2.971428571460108525e-01
3.117460317491854149e-01
3.282539682665829850e-01
3.370899471025618488e-01
3.480423280423280419e-01
3.575132275258422476e-01
3.770899470962544853e-01
3.851322751259677601e-01
3.876190476316623834e-01
4.028571428445281155e-01
4.082010582073655747e-01
4.219047619173766361e-01
4.297883597883597750e-01
4.406349206412280006e-01
4.478835978709831411e-01
4.630687830750904177e-01
4.665079365079364826e-01
4.770370370496517798e-01
4.761904761778614770e-01
4.930158730221803620e-01
4.965608465482317935e-01
5.029100529100528627e-01
5.108994708742413682e-01
5.155026455152602605e-01
5.166137566137566361e-01
5.246031746031746268e-01
5.358201058137984640e-01
5.382539682791976920e-01
5.401587301713448586e-01
5.573015872763578127e-01
5.511111111237259053e-01
5.566137566137565607e-01
5.686772486898634682e-01
5.694179894432188638e-01
5.779365079491226576e-01
5.752910052783904993e-01
5.941269841522136552e-01
5.919576719324425307e-01
5.924338624338624237e-01
5.934920635172930004e-01
6.018518518644665471e-01
6.040211640085493272e-01
6.052910052783905259e-01
6.111111111237258475e-01
6.185185185437479527e-01
6.230687830561683072e-01
6.193650793524646536e-01
6.334391534391534684e-01
6.320634920508773069e-01
6.332804232930380195e-01
6.415343915217768256e-01
6.413756614008908619e-01
6.352380952507099554e-01
6.416402116402116773e-01
6.522222222474517439e-01
6.486772486646339431e-01
6.554497354497355044e-01
6.520105820105820404e-01
6.629100529226676919e-01
6.635449735197440635e-01
6.588888888762741702e-01
6.679894179894180217e-01
6.692592592340297353e-01
6.705291005164858431e-01
6.774074074011000590e-01
6.835449735197440813e-01
6.780952381078528823e-01
6.804232804485098596e-01
6.839153439405734058e-01
6.802645502519355514e-01
6.912698412950707416e-01
6.870899470899470840e-01
6.920105820105819650e-01
6.929629629755776898e-01
6.934391534391534107e-01
6.989947089947089465e-01
6.917989418241712318e-01
7.004232804232803922e-01
7.018518518518518379e-01
7.046560846686994450e-01
7.096296296296296102e-01
7.067724867472573447e-01
7.090476190602338358e-01
7.113756613756613278e-01
7.142328042454190173e-01
7.138624338498191779e-01
7.192592592466444668e-01
7.183597883471736223e-01
7.192592592466444668e-01
7.223809523557228607e-01
7.239682539556392404e-01
7.264550264802559498e-01
7.273544973671121072e-01
7.235449735197441168e-01
7.297883597883597639e-01
7.340211639959345336e-01
7.379365079617373757e-01
7.375661375913670215e-01
7.308465608339460573e-01
7.384126984000837224e-01
7.365079364827070707e-01
7.403703703829851435e-01
7.409523809649957160e-01
7.406878306626012431e-01
7.419576719829014122e-01
7.443386243512390976e-01
7.422751322877469971e-01
7.446560846434698844e-01
7.487301587553881754e-01
7.482010582262876852e-01
7.539682539934834393e-01
7.507407407533555066e-01
7.480423280423280641e-01
