2.200401285312793664e+00
2.088649590002796597e+00
1.876363788382716891e+00
1.747226983504320597e+00
1.681664346437605539e+00
1.635463031612376161e+00
1.601286772294019167e+00
1.565878853015798766e+00
1.540211800444063028e+00
1.498470775210668071e+00
1.457540549222754445e+00
1.435206902948006125e+00
1.402964931921984126e+00
1.384597631989332722e+00
1.356116254064771764e+00
1.320923413221167575e+00
1.301705028544027254e+00
1.286178288812990456e+00
1.253255869724132499e+00
1.225553570424438243e+00
1.215601945503678838e+00
1.189053190246460945e+00
1.178376067302845165e+00
1.158547432763235907e+00
1.136292303970881878e+00
1.127472173107994857e+00
1.106742814167466671e+00
1.092559742750944807e+00
1.080933387418272718e+00
1.069131125646924252e+00
1.050483888267840005e+00
1.040673858349916214e+00
1.025548381881108417e+00
1.010010297878709329e+00
1.005119925415705051e+00
9.927751289347491737e-01
9.726628710227037677e-01
9.731001666740134448e-01
9.498958075992645078e-01
9.509482696195128426e-01
9.335095269087130276e-01
9.209983992324304314e-01
9.250836265654790447e-01
9.197717305592127968e-01
8.970241966197100014e-01
8.974093264120596158e-01
8.908307597498413832e-01
8.774480791318983730e-01
8.673713598554096960e-01
8.584281521751767619e-01
8.612523578714441630e-01
8.484467166063015542e-01
8.376002976251026855e-01
8.406747123425599710e-01
8.242568087577819558e-01
8.218095423304845326e-01
8.207970748881183720e-01
8.107059763600586999e-01
7.978278302767920493e-01
8.067386006678223254e-01
7.913380248206002276e-01
7.859404442928455969e-01
7.737156562956553074e-01
7.769971517658738058e-01
7.816205401269216146e-01
7.677616907427550208e-01
7.648993342011063401e-01
7.541992678213371715e-01
7.493887050063521293e-01
7.389684925508246405e-01
7.490011096505261312e-01
7.377566880397695703e-01
7.341501216409067609e-01
7.300756097722936877e-01
7.159226171175638864e-01
7.166628689992995405e-01
7.148555114281871514e-01
7.152094958068201391e-01
7.129877390054167874e-01
6.997318387409997564e-01
7.055634863162166814e-01
6.906439678504984192e-01
6.949000835544848487e-01
6.849467629099649235e-01
6.790710094492271587e-01
6.825375283710540808e-01
6.778241887799015819e-01
6.736964083222485300e-01
6.724367505028134850e-01
6.653754118132212403e-01
6.562770845145775578e-01
6.525224207444165758e-01
6.558812334928563192e-01
6.511988477605991088e-01
6.564954833126572797e-01
6.445478080315564240e-01
6.424337848721357602e-01
6.431161663456568256e-01
6.318875182368768328e-01
6.291880930163873398e-01
6.235855440551011375e-01
6.248388068827371855e-01
6.288007003541976614e-01
6.208477983777485054e-01
6.258115015584956309e-01
6.172674365901442695e-01
6.160566655479411402e-01
6.152010684038595745e-01
6.156284458422787154e-01
6.059843345924660341e-01
6.088819688842410649e-01
6.016886847485940493e-01
5.997407861487574765e-01
5.970162130411339474e-01
5.917833502204329355e-01
5.928960048458563614e-01
5.969959747728216248e-01
