num	x			y			z			bkg	sigma			dx			dy
0	-35.04887369087844	42.55877611447408	-66.63964254249247	19	1.751426283207246	0.000867579519967193	0.0005851540369672925
1	-26.07069463439203	-18.520460697324726	-154.36211174072395	23	2.6822805218973924	0.0006835591737798139	0.0008654496468551704
2	-55.228709466476566	26.330061035902176	-70.53921484566145	25	2.6564819794757772	0.0008440116555819733	0.0006015368881232893
3	6.344518407439181	-43.606556483045274	28.882722018687716	15	2.1608791570260952	0.0005539198962618747	0.0007426957083347817
4	-147.700627312269	7.8976647925487145	-54.10575788438679	20	2.0568839126073577	0.000798034324538161	0.0008776407065495451
5	-160.10785784531302	42.61849432718586	-105.38273867085374	18	2.815620426346884	0.0005757634326605372	0.0007576292198504567
6	139.02019521706865	-56.9372909895172	-37.47450644050101	16	2.3744710679063883	0.0008158523968140371	0.000932887554260529
7	-95.05521075344107	18.02467550601416	157.53750661496443	28	1.7607046673245503	0.000758189376654224	0.000994988024816929
8	-87.39769692911851	-21.6733659518182	124.13915416686416	23	2.8414001497505765	0.0006510746194434498	0.0005626272240094664
9	93.28821314205497	-16.814927374629445	30.90585234699983	20	2.3726596103446873	0.0005051433572981404	0.0008316601192481559
10	68.26703352689748	72.557469020282		-55.85037800067322	23	2.9963682440678028	0.0006522738911728993	0.0008646956024184536
11	64.13640413111088	75.24094130471848	112.89946990278867	25	2.8989193447574646	0.0006347584883090161	0.0005836939261001438
12	163.4706532418515	50.11432374804782	26.037556851086748	21	2.8642827996187528	0.0009623531938638082	0.0005719583822693426
13	70.58846805103089	63.31223886258555	-4.9477914020663825	24	1.5949454744927967	0.0007623057935428092	0.0008681850043661685
14	50.1567787889277	29.413506589809163	174.77096378020477	28	2.7217046918766084	0.0005467028004635634	0.000604540400103217
15	-107.1729965998075	1.840239673484377	107.5029688052035	20	2.906218689471236	0.0006399254378303793	0.0005355184440448303
16	116.52341558457024	-37.52391219805169	118.96209598142383	15	2.574352303942402	0.000536440220576995	0.0005165101269072453
17	-53.257160786695856	-51.494553537236555	96.38085166651643	26	2.8979427952615904	0.0005037149679758334	0.0008339173663595011
18	-47.75834126510809	49.62178698600136	-8.301842038511221	20	1.7457423278864161	0.0006039712522671401	0.0006393541775756052
19	41.689054772955686	-21.64864564672817	136.11799509667685	27	2.764424069514909	0.000844822376310413	0.0007379879089090925
20	-144.15363431467446	10.601199893882814	172.474471582972	17	2.069748253507993	0.0007588279808476463	0.0005528754487997302
21	-72.6146586566965	19.79934584096168	37.23585580682533	29	2.9797066111381563	0.0009457844816095376	0.0009435613577843708
22	35.13753361088313	-17.564175430908534	43.156923803847896	17	2.843666986141903	0.00069535667708043	0.0007566379227430173
23	-128.3184734474479	-2.946011057848984	-128.3135486993905	25	1.8381183524877982	0.0007991597377464926	0.0008272838850878763
24	155.62611814997226	-70.82490610491729	173.6885907675602	20	1.957562550163364	0.0008170072999874299	0.0009476322053562859
25	-2.5260734610461517	0.2058521297566184	163.07000152725158	17	2.9369518162809394	0.0006019100452668535	0.0009779334920280666
26	-26.50803668448625	51.1841828048372	66.2912516729583	26	1.6310419005498737	0.0005031074017562221	0.0005231157315651779
27	18.143885683949787	40.978562885871796	-46.747096533194416	22	2.1467514490800856	0.0008107078336309465	0.0009100364937602677
28	57.562431935099944	-26.050262702832388	-141.24335315495006	17	2.943118980434638	0.0008866966534176064	0.0008112405896615627
29	122.81911305223154	13.544523653394984	-79.71165943019065	27	2.016710313924918	0.0007101661328792608	0.0009326952607642802
30	40.375996316291435	-5.273526771419489	-113.5710413353613	26	2.4187621209652415	0.0007353522139778471	0.0009271279547462851
31	-39.3690922253556	-33.47819288249643	83.04915613253846	22	1.9798063686200609	0.0008578557343775213	0.000771872649178239
32	78.25887911081199	48.27729463663719	40.361467435052866	23	1.9729894777559502	0.0007956000311045345	0.0007828996070348202
33	152.05643962783077	39.64793524020804	97.18413064134641	16	2.618672455063564	0.0007629943179132586	0.0005660461754907779
34	149.933701534272	15.442165958305917	-33.2582303958665	21	1.9924422409305034	0.0009586546753029241	0.0007975197415344211
35	-154.44176322749928	7.861922966979192	114.96692016313709	22	2.5010051719687167	0.0005199583435697171	0.0005808173671196316
36	-161.36402049987046	48.53126054234973	-82.90575421225951	22	2.010051462487305	0.0009250738839412694	0.0006200712900861418
37	35.774650085758836	43.95132675684677	-21.65580866340235	23	2.6775180974139534	0.0006995402330861023	0.0009836878603489518
38	-166.0044314531305	-35.89336345781742	-44.791439739530624	19	1.819770806316973	0.0006355243231507563	0.000751900641175011
39	-172.0737491690392	-10.950512336780381	-0.22026169328182685	22	2.987162718557013	0.0009364646626960804	0.0007613093696572169
40	-166.1757194460834	-73.16954505533329	66.99481756037596	23	1.6194907157783391	0.0008496803998351925	0.0008845767767938228
41	-36.3862032031348	-11.970173646546622	178.88852503066389	24	1.5813750505792687	0.0005822239578092004	0.0008594633388653413
42	36.81218115692431	29.90053205598043	77.75689429913506	19	2.8932422633973003	0.0007624060306515197	0.0009078240946174077
43	114.29501106078051	61.476111463317515	173.7613288745539	17	1.700416622445387	0.0008499385642105688	0.0009717156837715706
44	121.58169130728962	28.996194817195903	-32.14011956585551	28	2.9939262920065453	0.0007107555126904207	0.0005707215233956228
45	177.16024435743998	27.60555581406138	144.41542095024394	28	1.8772117704994744	0.0006191700956437087	0.0007671225730677962
46	-161.07343761806672	-53.1816362829048	-24.13167001987233	15	1.6778261118074758	0.0007076880806949265	0.0008881362170410357
47	-58.19133889775126	-24.691168026665167	2.3559116161716607	20	1.7069956733405522	0.000907791042049418	0.0008025664453552548
48	-77.42989968862398	47.31671179430213	-41.78845348308254	27	1.812774847042971	0.0009583302260472489	0.0008137138266641295
49	177.19103068635198	3.84507658233685	14.16725828245833	15	2.3217596852942846	0.0006835307595966888	0.000950317632669584
50	-13.157762625029994	9.106306123176036	45.00763922701407	21	2.6723606096728414	0.0005758339347012917	0.0006905750359356786
51	-118.82802921223816	-40.887578609518336	14.482072723211752	19	1.9286956041512875	0.0006383467098834091	0.0005453057369196287
52	-75.76052788570988	-21.68589829264242	-145.0141179411529	16	2.7169964369470176	0.0007152195661879048	0.0005376728069509345
53	-166.35481183409263	-10.529400537358418	-26.69691522603687	18	1.8774030589729152	0.0009123175910780179	0.0007517140051915368
54	-144.55713623480554	10.377090079599242	-148.88834781300955	25	2.5566119216794396	0.0009790056097943194	0.0009091899364066965
55	10.999586709796175	41.67690363360892	55.27550091241329	16	1.8587623066408687	0.0009459781904504374	0.0009708613795536716
56	-73.63199516071124	5.219158185410825	-137.47618239891284	19	2.2410729275170125	0.0009282466149606832	0.0008927867624920589
57	71.54086027642941	2.082590483767249	-29.080085578334263	17	1.597843472978922	0.0005517247448149623	0.0006280465375949687
58	-28.007171063748256	-26.57624265163468	72.15284057449716	16	2.7440848989755056	0.0009700532283071242	0.0008902180498712056
59	-168.83019757469722	34.82152266540906	-132.61419283693473	17	1.9188265952063868	0.0008359308280543987	0.0009662949711541499
60	106.04465156253136	-62.2238061744895	-46.210590105251065	19	2.771817338029689	0.0005869102439577759	0.0006516219700690048
61	-85.65645832024919	35.094314939773625	-113.8824752840798	23	2.466080127955634	0.0009034082872225516	0.0008083083774640769
62	138.59696033001723	5.711380983212248	29.108303988592994	17	2.109616243585513	0.0008678796344743123	0.0007980919773468971
63	40.21907131043759	-17.803546114278053	-32.561658345673656	20	2.0618309800528096	0.0006209130241421896	0.0008162352063845038
64	93.81533540489917	4.198731257703137	-82.27127504883057	21	2.3798711457234756	0.0007707588858755275	0.0005772796138792638
65	8.493557548552694	27.168014354354007	-43.6627698098257	24	2.5254902093302736	0.0009002506682129923	0.0007960236256670508
66	-66.72901736823833	-35.13967863209221	-151.9615186399127	26	1.8581244058813315	0.0009077978552969326	0.0006987021074999008
67	130.84650056482334	-16.06057820284261	172.6115910956991	15	2.9335342001592286	0.0008103596381934123	0.0007110098420495695
68	-140.48214690825554	11.544656251138825	32.11302637509904	22	2.2538267148815243	0.0005317338419386656	0.0006247554828711752
69	-153.1572142283259	-30.660527357003566	149.9615428074667	23	2.7386218419669683	0.0009892276149521435	0.0006894795909755885
70	5.7438141446379705	-21.059487999595824	62.618515042451314	28	2.380688490680687	0.0008895275945814238	0.0007739010809836139
71	-126.86130845458256	29.936436680445922	33.447147361723324	26	2.5603886994507254	0.0005538321648772235	0.0005270564640199284
72	-1.3858091133624195	-3.724963089203616	168.9752327019099	27	2.317050160102589	0.0008891578325205011	0.0008091714746424692
73	178.99871200814206	-8.918485837880922	-123.11135272741555	25	2.863816782160475	0.0008734774910647501	0.0007338561163739854
74	-154.97570904907292	-22.438359208726872	123.54460767467562	18	2.2838371268015685	0.0009063190595772841	0.0005701145951652799
75	-121.52911254591216	-3.5821852012495645	152.9240092453055	26	2.8140800247793982	0.0005671829760675272	0.0006395919044743183
76	144.73822582891637	-30.034569967195104	3.202193902054845	28	1.6201883881453032	0.0007822193255393257	0.0008308395705822775
77	-165.5246008669168	-22.210187197863544	80.83299090530626	26	2.9260456004449695	0.0009516286452870477	0.0005436263910719903
78	45.41933994132611	-8.78673512168476	119.0954756741728	27	2.32949508791759	0.0005119246948713714	0.0005391692716979368
79	-175.37897791808817	-86.0538981399695	-28.527397212978233	20	1.8101773245577428	0.0005223318469443749	0.0009734659153995173
80	-87.30356302129991	-60.75444572635998	156.47918956507723	21	1.5648683215603156	0.0006734705644962293	0.0005225572288483638
81	-8.820684436463718	-50.8085785210435	102.81556795076257	15	1.8360883244681938	0.0008455961155913338	0.0005881532412527711
82	77.3088409227226	-47.783006774968904	-64.90648695365243	28	2.533980462502818	0.0007129651180444284	0.0009555475358662331
83	158.28257945983336	-3.0674614152512754	-21.843047372971085	17	1.5033851385263994	0.0005752716932345968	0.000896778102040748
84	83.85468638486668	-56.390657454453226	166.04269192031353	20	2.954320395609087	0.0008076567028408664	0.0005481311822580188
85	-47.21646429988948	-16.418266801262313	110.49557292663302	23	2.030189977367398	0.0007778282824170465	0.000920733495963127
86	145.08099440261628	52.61862984783795	-29.115253423837075	17	2.90310369829492	0.0008744805126312493	0.0006260861249252795
87	-52.54962651833415	-50.8367936028627	-51.28822329649537	27	2.195248629924843	0.000578441052359406	0.000932627320596725
88	-40.95949480066507	-32.56650520596808	17.967244396595873	18	1.9102064910434593	0.0009271536295002716	0.0008984936874340569
89	-157.34519945012065	-2.44562492788032	100.505225695593	24	2.231691740446669	0.0007600412291692111	0.0006330421218666694
90	77.84871818655724	-65.37670283382836	172.1920421109867	19	2.6501239430077828	0.0009554810897945858	0.0007653039510421162
91	-67.42578137851483	48.92139323558718	-175.4433962644106	27	2.0398893967922427	0.0008382403419409385	0.0005280778311723371
92	3.096735834265901	-74.03065859337374	-159.1178375480921	18	2.9468324204506775	0.0006974608056823618	0.0005655381773557132
93	-62.05604753561486	78.02245020819103	-71.70484960549119	29	2.1289665973638567	0.000984041687920004	0.0007520267353921999
94	49.60360686154155	-19.19854788930345	145.92681280101166	25	2.8455741213624908	0.000713712608788465	0.0006530246585304389
95	-142.01968235015815	-37.86884998160557	135.19779750903254	19	2.962716840881157	0.0008017859719771864	0.000519496078176989
96	-76.0908584074923	33.78988436728341	30.396609727718136	18	2.784429057316107	0.0006852507800509561	0.0009967505257771955
97	-129.99775711524745	62.83196721587408	16.482767360255497	17	2.3114406752908527	0.0007304186325437748	0.0007173675295649394
98	-109.82020267908253	-17.695091627477044	11.522888703888157	25	1.6849867303122548	0.0009212602541788758	0.0006232125215034845
99	43.57218810089723	-40.8492537544553	141.72513026963497	27	2.108089392867117	0.0008224844492397546	0.0005256533848470285
0	54.19539123028115	61.594175680825074	151.21280755636658	22	2.6034270080563355	0.0007347964395829125	0.0009800076823209742
1	77.34381643947238	-18.76915219752464	-136.33094974528487	26	1.8582695546381716	0.0006832323313000974	0.0009331590507679808
2	60.15097029597498	46.497645052949366	-161.5527190184401	15	2.6628568647923085	0.000781608512090103	0.00061149161193221
3	163.9832890225013	67.02616944041036	25.292021744050274	19	2.752797156509384	0.0008135678202231926	0.000815119058888112
4	-110.4020552408927	19.71692594796954	-72.14393232495875	25	2.236890333691315	0.0007570082590744381	0.000551048767417325
5	-32.11936005089404	0.29848874223740574	-177.07695324336632	29	1.5949018861211721	0.0005265640304405312	0.00058709378126796
6	137.97159363866993	70.69918894964182	-148.00842516056633	17	1.938969538746878	0.0008357504587658713	0.0006563054330952393
7	75.29028873959332	14.484327544543623	179.29646262784712	26	2.51861964490246	0.0009741114434921117	0.0008663777396877446
8	78.91282727088496	19.460377487792208	-53.3522922242209	23	2.3683692932744047	0.0006791842839956145	0.0006409832700941596
9	-9.769997066362947	67.46765563070025	110.25274798144999	27	2.8524505031577236	0.000983906530632544	0.0006036923889832197
10	102.97114207558732	-44.47915096099126	61.51342596607007	15	2.3087388847848596	0.0006119889404970028	0.0005576608006685298
11	-150.16462451988664	-2.812176850967378	122.78269933975663	28	2.7741013171407474	0.0009751831359084036	0.0009512875375322915
12	120.10571414223347	-22.984629111350486	107.25545196792172	15	2.2416399855206803	0.0005815062855148611	0.000713393794726787
13	64.30979487936388	13.598868868472309	37.727712805359786	28	1.6841947573126383	0.0009108770874779211	0.0007897005927719364
14	-87.93773248781818	-12.568181521534703	-99.751901192466	22	2.600075533488708	0.0008138358601322206	0.0008822071761622412
15	104.44948421316096	22.831511017724445	-78.81221143820788	21	1.893816950103233	0.0005491254217310611	0.0007271141648270436
16	43.99146596296478	-8.167554929382426	136.3268112514688	20	2.9405316510936133	0.0009998070782120264	0.0005546003151529585
17	58.408858903756894	11.889591937154547	60.55881942163635	21	2.207316549956743	0.0007061374200242202	0.0006204588603220108
18	135.04770186950734	55.29158545278493	-31.711512803302345	16	2.463883099245667	0.0005494285953685194	0.0007808213247562177
19	-175.38025307812853	45.0177194938772	-101.51244611010134	29	2.5203007616310282	0.0007085644470576106	0.0008796622757512868
20	-119.06963453018976	-5.268870380155555	132.8909996241284	21	2.728532143190262	0.0006289014469355961	0.0008711486232841506
21	-53.11313368752329	27.49171097950603	80.32568993523894	16	2.111196152545745	0.0007860320601507285	0.0007776445429804645
22	142.73982631891963	12.776517332144733	-82.28545178416987	17	1.7864414573247795	0.0005150591028356054	0.0006441809721220086
23	151.16024643872063	-41.47301146387617	-24.910648486787853	26	2.6572448818469483	0.0006657961835203176	0.0006150575318196039
24	1.7250703305068542	-2.9890130548273306	-38.9755658006036	25	2.1080828384068875	0.0009043565062208862	0.0009489683580102577
25	-109.5795625108505	-41.320316504591084	-38.83672694683269	26	2.7408204933621048	0.0008232670790841877	0.0007609213287098297
26	52.93795950900387	20.677524848738393	-74.59429368230934	22	1.893246687615372	0.000620927888516762	0.0007511984187487921
27	71.62892502745608	-57.2055130768038	-61.55854165246253	29	1.5848540785286027	0.0006595945895583488	0.0006273659223319948
28	-171.04991834266485	24.604030039632555	61.43159777965797	16	2.6007259038551753	0.0007965128990607938	0.0005640536219819564
29	-47.572423419810555	3.7706691895753712	-115.59910280361657	23	2.0189775805930132	0.0009488043113877233	0.0008074953019538604
30	-93.17365934513604	-0.04200580708173916	10.889792606435522	26	2.7331458480420707	0.0007148776144301807	0.00083459487317705
31	128.98054013484867	60.10167639704593	12.4224144888944	20	2.8511737711168372	0.0009348176112773019	0.0005144248726447212
32	162.12027304833694	-67.19941554103035	-15.100141347492736	21	1.9503295677934254	0.0005129802018122769	0.0006530269211424384
33	17.190848264377983	70.68248895837712	-64.91101952854177	26	1.5662892356356093	0.0008031563618108816	0.0007907116758609465
34	0.9683311058617264	-83.77083161099233	-11.369750454355449	17	2.2181247985289776	0.0008358223771541281	0.0009906372176512015
35	36.49773090057441	29.956538934470903	58.880062031781364	25	2.8695169790326345	0.0007946946247267188	0.0006481002274851637
36	121.11593362137782	-33.45528935543544	29.736495500938073	15	1.7222797389492093	0.0007361836879640768	0.0009847872199608358
37	132.95424008166322	23.62066378309545	-47.76179831809694	22	2.0913731868680134	0.0008216707787123188	0.0007161416452376834
38	7.017429931496764	-78.14747865076086	-168.62552767628534	22	2.7118985974973393	0.0009776437667544822	0.0006920888618743041
39	177.8349002298928	56.08885691141854	47.06079517423126	22	1.8514887796108244	0.0005870118379728082	0.0007888234178098526
40	-133.03759094562668	45.43637264095558	177.350141958287	21	2.5513147603410293	0.0007189514793260732	0.0007365458425314629
41	-129.98177281023754	15.03648409461612	76.18125397052741	22	1.6320485361553247	0.0008166706840761298	0.0007471061764343285
42	-153.12163058469514	-39.798412978503265	-23.97479393210337	27	1.6294247590613447	0.0008892007291772565	0.000972426266525374
43	-4.554974859018992	26.19513255479714	-98.15693906543241	19	2.370987703798627	0.0008389583178876603	0.000538225209358526
44	-93.44454134557712	45.425883241220056	-64.64948248593355	23	2.1655778775584293	0.0005366673077885006	0.0005687220210517201
45	-122.59996094410194	-11.36946165673571	93.20504266908513	17	1.7410877752239629	0.0009556048065357307	0.0006322483409933065
46	10.47050452622393	25.643888767108045	99.93433121734896	15	1.8779347160664717	0.0006540593906327116	0.0009914853041505408
47	64.19859544690858	-32.573744034279365	82.9477811868466	24	2.971057413433323	0.0009556861868378292	0.0005429404683057118
48	171.2168010147138	-72.84074159686352	163.18940592586307	22	2.347196777569687	0.0007594466622035513	0.0006693921363606344
49	174.813379024441	-53.19343489159266	-140.57642717210086	20	1.9215361853706536	0.0007222044834761377	0.0009136225303735461
50	-86.43707973041799	-75.57647952438869	53.57009640696562	23	1.8552066287497937	0.0005724621198146502	0.000852114040235807
51	50.083335108165315	23.093656001372384	-6.984428412598113	24	2.9798524836667273	0.0009871724408803074	0.0009282263511633382
52	18.655729642017324	20.03275942639068	-143.28338670115147	17	2.7631176735975926	0.0006603612687307289	0.0008141471595727293
53	50.379503209353686	73.90943875651875	-171.8141702156575	28	1.7740201744645039	0.0005085792225417979	0.0005521419315773849
54	137.0154343832449	56.39482179886633	-132.81427086788466	19	1.5813128334725919	0.0006502635281797281	0.0006450996321639154
55	-74.63849646028869	0.1949389609221119	-1.9661619547371054	23	2.2570067813596792	0.0009839745783807635	0.0007245199125181298
56	-38.803740163323305	38.388362271768585	-80.32831660282909	22	1.9095626652414093	0.0006564338456446304	0.0009046228805378323
57	-2.966029239324805	8.147424943621168	69.89580208947508	19	2.440185737510416	0.0008691045399337092	0.000830570160239172
58	-80.60509274135431	19.646721647666787	70.411804930852	16	2.1555911897877267	0.000882271913404816	0.0009792770900596249
59	39.979054036425566	33.080879694406086	-82.22620735204737	19	2.1087078493109637	0.0009339882014324655	0.000912921594467693
60	29.363801517870396	-62.80024887535128	67.31356558739198	25	2.7705195951640844	0.0007177233393169057	0.0005355075741800628
61	34.128292031277155	-75.12779364265228	113.0978080954916	23	2.3077572480098905	0.0005570034675545456	0.0006162619207468439
62	-124.64017689845933	20.78855050939606	108.71753956321346	17	2.5985352458172732	0.0005799240809077823	0.0008558577110156181
63	-139.02275231486564	-23.01765765685147	56.856824069131456	29	2.0521847241780566	0.0007183194450721703	0.0008793303961515434
64	101.5241529474707	-63.59932469650711	-76.34416509098608	26	1.9307931258957884	0.0005471227393241056	0.0006995889227774646
65	-122.17093653889557	-10.446139303586035	-173.90136023078685	29	2.9086679791866548	0.0007630819142366946	0.0006549634926255155
66	8.248582202063892	1.8629341573380898	-110.86333029530122	22	2.4698322307284397	0.0006734185844158584	0.0009473356385379104
67	96.26411350198053	13.320258627037719	-22.52410976600296	17	1.7050384261088638	0.0007301678989009711	0.0009739290719343789
68	68.41313565460084	53.34823508848075	177.10602705726427	23	1.7068196273184224	0.0008125203093673181	0.0005552127110464735
69	-179.05689076927874	2.196174432084205	115.54569740708192	27	1.7750158659932096	0.0005649586699971724	0.0005654729064152755
70	-80.29279720667054	30.319698918920057	163.57561559057675	23	2.7566362042246206	0.0006619411466573314	0.0009239670106509223
71	-154.80093851789124	-7.474548941917102	166.72072958446367	18	2.8951726476758637	0.0008924786738828617	0.0005819402456670571
72	159.31807755460116	-42.897998519667226	-107.1863515847344	18	2.0688122716898305	0.0005665597129030405	0.0005800268270505187
73	35.64655363384914	-7.161702843335367	70.95391412185644	19	2.9520123092598936	0.0007691879106427774	0.0007185881286748294
74	-1.3953766862986232	5.207454830598337	-67.37900438521828	17	2.0379191543136055	0.0008251231577750155	0.0007839312619628275
75	150.83807668808754	-0.42156457309974704	129.0254169529551	22	1.5923407119446342	0.0005688910187073369	0.0007643711401676269
76	-47.83103026371333	-2.0321118324587037	119.27526000225022	29	2.741285747914085	0.0009423189107784303	0.000757104848569749
77	162.9444767378515	4.147570771625539	-103.55875976626572	24	2.2979690260823498	0.0007155341265730295	0.0005676838446975663
78	6.246325911296292	-39.23980942137757	-174.721976445736	19	2.4974234269954594	0.0008825812374835605	0.0005716673442044218
79	-121.54687560250999	53.58099929242398	6.264953390339549	29	2.870529967222901	0.0007923495664539577	0.0008925490898213456
80	-109.21430054479482	-13.211822315982301	-110.55675263251082	22	2.198679206161252	0.0006087452414858041	0.0007904094158078592
81	-141.99279680410254	-9.999949120294296	-63.56749810786143	20	2.841154466782994	0.0006691806792372109	0.0005100614121961987
82	122.34682764969178	17.428493924465183	160.81087441841464	20	2.4081184371752795	0.0006771718666154852	0.0006504292350551348
83	-118.06068147759319	27.78308026697028	46.451940281175624	24	2.195732846398677	0.0006215463197343256	0.0006294300422285139
84	-144.92920676989917	-50.28172439860386	105.1767122947655	27	1.8725716205327696	0.0006391251181764187	0.0006132554771079492
85	1.5514641695606157	10.596182009825636	127.38051895502424	17	2.4677816621656765	0.000945423540112645	0.000521054182659806
86	-145.3216143616708	43.17583150916586	-79.70975498307386	23	2.22757043399815	0.0005468357668603787	0.000995499386525397
87	-48.10046254812607	-7.1633427270133065	144.19351657731357	16	1.761284119379246	0.000834788469409759	0.0005258354010293175
88	11.023812486837947	15.572973978164674	38.403057756636024	25	1.9653554781585532	0.0006248251164011403	0.0009568157167397326
89	-48.56549855342522	-39.01666189246408	170.69451241684058	17	2.215352408593689	0.0005157338961057455	0.0006062262112047749
90	-119.1759482959797	61.71402186618884	87.46675135238414	27	1.9258554929587133	0.0005963786631874099	0.0005918408229990943
91	2.308532827248577	30.916644662314187	156.807387505118	22	1.5867063192891893	0.000884268173054965	0.0005213083093376021
92	0.17073442868207578	-22.883598804926304	137.4069590095986	28	1.5397538631958119	0.0009227485677177031	0.0009143371382427366
93	137.92015799034073	-9.13540480894552	-29.454061294581017	29	2.8903313932230335	0.000806207560944817	0.0005436910497170805
94	150.3203402353343	-70.51199516929522	-136.08249875917275	20	1.5424110671816893	0.0005347240175209316	0.0005715924816143252
95	-75.26253325320302	-18.77444098710555	172.72119953265013	29	2.1024844699167318	0.0005866644242609307	0.0006116948020882303
96	-175.4442612300988	0.6809919458574082	-142.0638478001767	15	1.669248347455261	0.0007846020539722543	0.0006314664432100289
97	70.49200801475867	-19.491765743117227	165.0453132678967	18	1.563651202704287	0.0006195877388346797	0.0006348808525375553
98	-50.255177732854165	-10.359464657124569	-76.61047612345159	21	2.8298977470311426	0.0007025188777610933	0.0008207504291774235
99	-110.445546599445	34.94579429603267	-89.54146605885065	24	1.9042866743296563	0.0007724130739883337	0.0009507620175386006
0	57.27290468606191	46.15910466986286	-55.55992357477141	21	1.8319108450996258	0.00022039492276603297	0.00031920841532627475
1	-100.20890180917303	11.842232676344214	-86.63099508485203	26	2.0699373354821082	0.0003797052595327576	0.0003281857344257339
2	-72.90172296093603	6.703421118681456	-164.0253940583004	16	2.006256379930007	0.0002602949309026024	0.0002277028573659548
3	9.697023471394258	-58.03599146917678	0.6090315063963895	18	2.9738058656124418	0.00047685307696062685	0.00012744253940438543
4	80.33787353218521	-14.797087837694988	-26.970050184286798	21	2.802517668823216	0.0003014168370803325	0.0003592961459562532
5	-170.9257580692033	18.77067251817299	-62.262938867303504	19	1.5809290741153559	0.0003014425206038081	0.0001479471859251757
6	84.96309611436114	-40.512655567307576	20.898098465860613	20	2.3613863289827273	0.00028527935397340705	0.00019221976498402842
7	65.23802317941053	-51.19593141559527	53.316550174197204	19	2.4702303373687697	0.0002756551316111601	0.00036681588314083666
8	-97.90892589895826	-29.168322372647403	115.65032262016128	15	2.9456831651246524	0.000182127416898886	0.00019594035874633046
9	164.22384280561872	46.604538541046985	14.23815317131272	22	1.7475079143220587	0.0003060858982715868	0.00044433530853001905
10	-105.73995800797273	-69.18783738598779	-84.89957847697403	25	1.9996248355147261	0.00012955561034330178	0.0004705052795091024
11	128.67736658996273	-27.440484550885504	-32.990104836451835	28	2.8699532923800937	0.0003067644851726673	0.0002660676863906244
12	74.3931346495333	0.275563658772797	136.50811702120896	19	1.7077813975422893	0.0002570644472484466	0.0004969124533674565
13	-65.17781487069333	-1.6839288095720526	-118.82766287331533	28	2.176132656489855	0.0002240145814296524	0.00028724364521236874
14	-76.07935008387506	67.89677585551853	-39.106736431123004	29	1.581270872693872	0.0003790467377717364	0.0001749426523613175
15	-27.9054388428094	-38.09027030460577	139.96065540406568	15	2.82114640450771	0.00017607178026708936	0.000288829363068032
16	36.80970665061913	-4.443904815938534	66.04028199854147	20	2.39729190803192	0.00048358968694916696	0.00011059021386928256
17	69.82730067308687	-76.79469145327461	-45.65181581485901	22	2.7704906832603777	0.00049972996698443	0.00012606471981260167
18	-132.27239836132063	-20.715370444791766	-61.33041196662884	20	2.1365461658561813	0.0004569937419280393	0.00028787554589776275
19	88.11335041792007	40.836805709024354	-18.95856065031344	16	2.6820332240986584	0.0002405029162216037	0.0004417280404709949
20	47.09965297628825	13.737205024450796	83.96705114077233	16	2.3514417762679485	0.00042418005137917925	0.00044482413734733356
21	138.91630035146216	11.453136759276905	-40.43819119206141	26	2.5061692868560006	0.0004086165981997707	0.0002862542691557925
22	75.24204810101205	69.54315912056107	-151.30377485313247	21	2.0462782665781565	0.0004196615916185018	0.000498673011796566
23	91.2550655921447	-83.6209567259358	-142.10166130125685	24	2.8640675334700885	0.000495718383896931	0.0004437075240973949
24	175.72487739077343	-10.400941731373077	22.711265644550167	17	2.4204406452116665	0.00013335919086223194	0.0004835421916870423
25	-75.35492997099286	44.21745457231627	-64.11434493043458	29	1.5491396031179046	0.00042692189297889236	0.0004105530844385614
26	-53.948439567565295	5.842712646843306	-145.7125521558172	24	2.2817030883626503	0.00015768305321405853	0.00031844164834599
27	0.7301552323326442	19.08204347427265	-149.6350972862804	19	1.887654316325349	0.0002173715876678239	0.00037644673963299266
28	51.06188997626143	-79.439510021541	-152.30673011536322	17	2.2045894097026437	0.00018551540769705372	0.0004321342342899368
29	128.60445818533327	38.10900296142761	-12.901614370116922	21	2.025405334670867	0.0003829795467154992	0.0004179507529897867
30	115.27851500186061	31.019407122099263	-32.75559032183409	21	1.9390849193571429	0.00042388556406491797	0.00017910815928215602
31	-26.865604141898107	2.8642183316763097	-51.82331888875427	27	2.3170775563261277	0.0003412847331056751	0.0003621190786668252
32	174.108375312581	-26.895397418113216	0.9883028802582187	21	1.9397633959130405	0.00025432450064695873	0.0003108884256934155
33	136.0986013019823	-0.3940804341888596	165.4819184753276	23	2.825340038184245	0.00030170926473762103	0.00013131724154457014
34	-57.914712419553666	36.4416336761263	40.14502914612764	15	2.002621013792341	0.00035159454896070875	0.00029204520830929695
35	69.8500878922493	11.721762337923547	-118.33719169144264	16	2.567703888036065	0.0003383205753329649	0.00030669602990256157
36	172.5934758557641	8.365755779303651	-25.425972499105868	25	2.2766848220451212	0.00019443025862438742	0.00023349137343297205
37	178.00651865630533	-41.947185287675495	136.93128930590504	28	1.6834746536242517	0.0003622020494679321	0.0004763973028980954
38	-44.81633414727501	64.49286947738115	-119.71643267964987	24	1.714805215041428	0.00046855480269986045	0.0004082785448231096
39	-167.36375971974866	28.483312754261902	-150.57913732267218	23	2.95355618538598	0.00047364056967542624	0.0004636225792244302
40	44.0981421289612	-60.77952242644622	-122.73785699502349	26	2.8043085840113604	0.00030419890033965243	0.00041835891333245965
41	-37.227951690570265	45.91497361621524	64.43136392131974	16	2.755056600514674	0.00016492785590864267	0.00023247146953405036
42	-40.70363488168964	44.860773575840845	89.23543453114475	29	2.0946296633409056	0.00036428216398886747	0.000361837308146715
43	66.80622252626013	51.36141808754932	-110.37338824907712	16	2.684698070121732	0.00040432703825439716	0.0002624437476728609
44	-121.02333139044741	-22.867870229802378	41.798159868109295	20	2.2366609468212006	0.00031821635555571873	0.0001193605559363202
45	-44.25611227615572	56.72520736705792	-84.52865365975823	26	2.4889981594194674	0.00020146229231866007	0.0002857468622348865
46	-74.7185244646816	38.19277320065422	-26.477018951646535	18	2.087403503028828	0.0004608994619065856	0.00025863828237716803
47	59.41671218988961	32.83172660395432	130.4885505079783	18	2.228435340856312	0.00017609460819291233	0.00041506515582485215
48	-61.12847859990196	44.1353011547086	-119.8803252096146	17	2.84526489111367	0.00036196888159231244	0.00013391966907826477
49	-123.82025675097323	56.28581668639923	28.952895237056367	20	1.5523277557325557	0.000494865622843021	0.0001842821163829126
50	53.7599991075208	-3.9459483308746655	98.37684324004088	17	1.5953914694186753	0.00046708185749765486	0.00022927717823923208
51	-74.61325168135147	16.134576167921523	58.745794145660795	29	2.6192340190712753	0.0004245335333514406	0.00014082617211299279
52	-154.21149095205303	65.5992358543471	149.53454863381134	20	1.746647306208589	0.00011518445401309638	0.0002420560410571807
53	-111.1151979063461	-3.062158225772108	64.1154279058694	16	1.7979351646183932	0.000361946003589649	0.00019929795698574892
54	-17.925872833976086	49.71279561369382	168.29120920971675	19	2.8114379714822757	0.00016888730159998495	0.0003239767321880562
55	174.66743648967565	-15.657031219503082	-143.34838593537617	25	1.830070590655937	0.00023926327618522565	0.00037984436948916415
56	110.55728740545769	23.101148330137406	-117.98691710589124	19	2.7519968373313985	0.00044766942962326376	0.0004503409980965729
57	-58.18126241083803	-28.145159553633437	-39.64742275264154	24	1.7054826536318952	0.0004904413857050141	0.00011795389676620813
58	21.51307997387934	-14.153311751809666	-19.606324792520265	15	1.7335323397561226	0.0001501169805849045	0.00024215144068132777
59	140.40474132660452	7.857008426846416	-95.57229224469785	25	1.9231985760318837	0.0003693907940431622	0.00039362283802854445
60	119.77730044591854	-26.922036159725305	-56.26876863919488	24	1.8000340719075516	0.00023037483811916433	0.00027680383828929757
61	19.926237997201522	59.11284727322571	65.32701821150313	17	2.6609943839834904	0.00038587675214337206	0.0004719008710496945
62	-16.949885357310816	-11.370379988626606	161.65647472177608	26	2.3603325039139005	0.0003063507031667818	0.00011762348683801112
63	162.10559515579092	-17.88111732517191	135.87589782191714	28	1.8103198329088181	0.00017891967166968172	0.00032148238017670196
64	105.84065796453521	-68.41157277105145	-6.67181993206878	24	2.3313222835877805	0.0003471448314678447	0.0002544100864951363
65	92.77234916704903	10.347531156148683	-125.76782044678453	16	1.6505384120630258	0.0002650505063050069	0.00025831473928810734
66	133.79960302457349	-83.84850357980109	65.10247566088479	21	2.8186948930065254	0.0004610939523302371	0.0003353497318640253
67	-131.57174668417608	29.56942177633555	-126.47304638682103	19	2.4016039623793906	0.00024812280344307507	0.00032749098831122935
68	-95.17725331627247	-8.927594707318418	-54.39714234652773	18	2.840486749696897	0.0004993164785408873	0.00012287987467053408
69	28.40138496110663	37.084041797912306	61.48361071886249	18	2.992116247170747	0.0001816921590091378	0.0004373560259558868
70	122.85011992407615	-58.63671470086512	128.06232394297527	29	1.9131178950560677	0.00022455735998468904	0.0001548592831389329
71	-109.71242235445685	65.49028901203302	34.57617770394463	21	2.455489891450253	0.0004840083188289085	0.000210048798498237
72	66.63510984189273	-53.40013551441977	52.49430857588271	21	2.2824282113741603	0.0002723784182796903	0.0004063406381439905
73	-118.07475379729065	27.460010470313563	-80.29242766455704	16	2.6762479899353324	0.0003667200176499663	0.00029904106776684747
74	121.85430621477477	-14.968665722199784	143.38104728747788	16	1.857556181371157	0.00022627974721056818	0.0001598404770643279
75	-161.27846429816722	65.18141269929087	-97.19756671063168	20	2.4443122059835587	0.00021647042506050743	0.0004979451675940627
76	-87.13201347826954	22.846745125195515	85.59360767638243	16	2.9709387515451864	0.00047950332870589155	0.00013659498201003408
77	-147.86304949272474	54.173953671041374	-166.05857882804023	24	2.9443565342471736	0.00046869841862037684	0.0004816006987826921
78	14.663699163610177	-5.909641405494687	81.51002286444925	20	1.5482857601472013	0.00039162422219793293	0.0002939636462853788
79	-119.15829697299523	62.04130572387168	-148.04740611964593	29	2.5314207199235055	0.00031102964075622	0.00021579498931684313
80	97.86338010215204	-65.25506424234685	91.79589653597552	25	1.9096286253801753	0.00040091213658956297	0.0004318039341082865
81	84.6713836439737	50.543615242101204	-108.22136948258873	15	2.3331379942812323	0.000306519614046566	0.0004175404083727691
82	38.163830545039175	-73.73725230720787	25.007821826332474	20	1.7988672488529516	0.00016307795525521615	0.00019220811449805175
83	-121.04355351176648	50.44556485043286	-167.5890627118841	27	2.7954307226763895	0.00012722845247072344	0.0003611492679658576
84	121.67460056532897	-12.51948150920194	-170.2191876330796	17	2.79121863460392	0.0004936981169963459	0.00038681918096421697
85	-34.011464212918874	14.341101882267905	-162.07249243092667	16	2.58761728112927	0.00040440051010768734	0.0002825231215647776
86	151.0614074712145	-5.338208773524319	113.70350717821108	21	1.632690623230663	0.00014351985786263362	0.00029889230600292
87	-2.4591078574930396	-36.96754413859141	59.75557678979295	16	1.8309850922208022	0.00020424102601665565	0.0004183607959017716
88	-37.45342319519604	-63.80060286247395	29.552410781574647	26	2.5778414292660226	0.0002460383707590179	0.0001683127232798357
89	158.16923778173205	-31.634919211571912	152.85720602263785	26	2.8556103720023485	0.0003374448603794297	0.00011766236496291675
90	142.34849409770166	-3.4518805275242688	-6.230904815495484	17	2.5924891650339514	0.0002169800009514488	0.00018003587911720557
91	-40.779679065299916	-50.79697484307938	14.829694816774186	19	2.0116382411146425	0.00024125398416105655	0.00039356059731122505
92	158.82015351254194	5.455179266303379	-43.8664909628967	24	1.7748900292914507	0.00044083895851438726	0.00025107901594711735
93	-178.5442502962907	59.4325821202347	-176.45895133744918	22	2.3786145832862857	0.0004068610700546039	0.0003993695171394504
94	-133.9514936487075	9.52332064760315	68.6899528527092	29	1.9609502575167224	0.000416727165546564	0.0002503705871156074
95	-62.67689243084231	-26.95514577806311	-99.70379326554027	17	2.355349859162596	0.00032266011441630174	0.00048676852471630627
96	140.0858046709236	29.594785031811774	55.45672533630675	15	2.9786471794264164	0.0004335390141865441	0.00043020187018099487
97	-47.36236097241654	4.040893051092447	160.12492622401538	23	1.9319129879310528	0.0004085726109549064	0.0001290921706594001
98	164.0532066235107	42.65330590028847	159.33171330462696	16	2.5120462386278204	0.0004681745705681568	0.00021384587963175458
99	104.54716453341273	13.518309696649935	-27.734850715285532	20	1.5477832299196532	0.0001717836766709549	0.0001658125021238027
0	72.40700208703363	-8.364819129893634	-73.80383386526998	14	0.6726798120499154	0.00044699473991871585	0.0004725292045053226
1	-171.89424543166066	-5.732974769851814	12.305090950705686	12	0.8829310204534336	0.00039762899291953356	0.0002981982329379057
2	-70.64952716430724	58.68223250160165	10.29210935364083	10	1.3660065420055334	0.00013783997865188713	0.00024409484630882487
3	20.848814548434056	-45.42951237354783	-45.60530689041974	6	0.9326088925331172	0.00048105299657069943	0.0003971133530119277
4	33.9405689499756	-37.18884023547064	167.88265755743367	12	1.4934453297078902	0.00030925390972874584	0.00046110812321565307
5	124.22597586248136	1.4104285601026714	165.0756725362805	12	0.886302375034039	0.0003248695229449054	0.0002357436413054732
6	-25.833294176216725	13.79142721432786	90.0687984555855	10	0.8894936005925381	0.00012836542904627422	0.00035626878032729787
7	-33.59593802649424	-21.163001267520592	36.597996748804704	5	1.0797995193805128	0.0001759700913695646	0.0002557806840758888
8	-72.66466378483109	-45.58471259347421	167.4532688772656	5	0.7995661866805197	0.00016355864635210049	0.0002238601387191722
9	-112.42740805164279	45.86478111267509	111.78397253208061	8	0.6047614090684913	0.00041737249375181553	0.0003525071710384172
0	129.7529683924374	-17.205696860267743	-94.19895900008585	17	2.634670028036762	0.0004307158075779123	0.00020235161387759695
1	16.762429164253955	-72.99157632761158	154.31524477008125	20	1.7183549320282216	0.00035364854011650515	0.00017305656578127512
2	-97.02084128290385	-47.996702399606534	-161.99175154873524	21	2.094668704334053	0.0003241332914767557	0.0001793170468517143
3	54.36515181785642	31.24271884945523	-72.55759778805144	22	1.9316456720256148	0.0002833100977240855	0.00026275217756856087
4	-26.62914040972714	-39.927474895725844	139.33975867884132	20	2.5819665606144393	0.0004288650004972599	0.0004764478337617277
5	-127.18264959764149	0.6385392540088037	-61.768640972278334	24	2.530290988087825	0.0004496077412645887	0.00039055421261116233
6	48.38965732391638	46.794631059694254	-97.4463362485433	20	2.0200552552395616	0.0004994687837968428	0.00039911637465754515
7	124.47570118263135	-1.3344789299884825	-24.44474157922726	17	2.910912754863899	0.00020644057840819987	0.00022053714603459195
8	-135.0674701240022	-60.521051373701404	-48.15165895236271	29	2.460595920860143	0.00034056019049262434	0.00025558165727781096
9	157.81984659539404	-25.144726630264483	-167.720988590762	19	2.1893399503468847	0.0004933067527999709	0.0002575288670110732
10	162.73601235046524	27.649235424875922	-24.429020038524023	17	1.8198056511809115	0.00024095780371871336	0.00013752469596298075
11	-166.3843033392547	46.86758781779057	-48.74506720285134	19	1.7301932671932407	0.00022874295565375815	0.00014120077498791126
12	53.58842257810426	-23.820320978700014	99.49591518303771	15	2.1869365993069456	0.0004710851856641962	0.0004300233035437411
13	60.2722866422627	-16.34458973655999	114.11328746449453	20	2.2284838006658325	0.0004633500408286887	0.000266967260544452
14	10.904535977522357	14.116632065072993	158.3961189612028	22	2.0269381032995497	0.000358667520472732	0.00012352945106992516
15	101.29381152916757	57.15213134770589	-35.671887965516326	15	1.5381340691252419	0.0003155034320525777	0.000399966406984971
16	45.725765820574416	8.891265312947983	-14.175704506032135	22	2.1382716317196993	0.00018938406837104089	0.00026531869075147496
17	-38.752794514154274	48.1496811006085	175.8934848632084	15	2.3539324485253763	0.00031426586450794894	0.00014522259516783784
18	-75.83106976651331	76.93630649114169	-100.65908127063805	28	2.2029280205314907	0.00046289840711035427	0.00032973423486881064
19	-70.65025672300612	39.4279314024147	-106.31332214573109	18	2.421646380195458	0.0004450574044642699	0.0003082261537052317
20	64.13362146438558	16.899130866607358	-152.7433038350567	21	2.3549670439183332	0.00020120241600579534	0.00020196892336970921
21	-168.78039113716306	-71.34264453488107	48.595743950229995	16	1.6646553653679037	0.00033715253126348634	0.00028243626357333764
22	-156.32588026588226	-10.922341795997756	-125.8889577209841	28	1.850610171251725	0.00023266200948048944	0.000288066208785303
23	-37.53509510652518	42.12181997324597	-68.97989545422855	27	2.600639707177626	0.00018890775034773884	0.00021248746573152043
24	140.34641407005256	-8.586003287781992	-113.83506624679843	16	2.0793284346048586	0.00028021348506815846	0.00015791689537746626
25	-46.11482261527238	7.1231019061347	-177.04096502302653	29	2.2721981840178946	0.00021087089982250908	0.00025908338588728736
26	172.68399756410133	-70.87836435887603	0.7555820761593415	17	2.003287179508761	0.0003753588427269308	0.00047906569657885155
27	-129.93280322968286	-52.15427476561136	89.54248267826587	16	1.874795790991208	0.00018461957196042647	0.0004273835502889013
28	129.33749374161522	37.46652795565061	153.95093766900527	22	1.8449061719930937	0.0001941687202592053	0.00027017344986188534
29	21.10066487225089	12.713744967267852	-157.05704499982124	25	2.2256067565008193	0.00025347090438019914	0.0004989730624218091
30	-72.4318790283725	42.30261246809259	-33.96411224215198	29	1.6544317667256607	0.0001356889243902808	0.0004066144114949588
31	148.39611781347543	37.484907518326146	54.3908258358615	19	2.4623733635255456	0.00022371032134074493	0.00010553192922927433
32	-113.32905570584458	-29.11036283057327	2.93779712741756	29	2.300430897356212	0.00044481693244615187	0.00011372864911651331
33	33.50663922701472	42.34517657398882	-50.434616741633704	24	2.5943915702881886	0.00046072197373271407	0.0004807711813208668
34	-64.8578735501294	2.1277848411374727	136.50031207976113	19	2.310030131446849	0.00012434161213842007	0.00011136618023584063
35	-147.5118694695979	-15.06853871543927	150.79458791796213	26	2.5418521550096402	0.00015301486050152999	0.0004806011906253815
36	-122.05171415751275	-38.03970502021849	-55.44213568242593	25	2.547406948384352	0.00035651698320290947	0.0003248805038917876
37	-179.4688167822135	-59.4714753045834	141.76725335834908	19	2.477376592966644	0.0004940879726763185	0.00040231197022688064
38	-168.30826612193096	-48.40624165190788	167.45425237461845	29	2.5149639251980997	0.0003759743991360694	0.00030507117350299953
39	21.266370311419298	84.94056426609474	-110.17294841602107	20	1.5854176769263695	0.0003699801469610234	0.00020088767343672052
40	24.71766112678538	-69.04779533011607	-21.738503514918698	28	2.7113249269213546	0.0001288345452838764	0.00045672684933513566
41	-165.3709799023718	39.223079218437576	43.11952587015656	29	2.742338828426429	0.00042730833729067835	0.0003791720267534578
42	-31.736941589509826	-18.84196477605428	-101.74169826276785	26	1.9611074003873	0.0001562202884278532	0.000459512181519429
43	157.59474076888782	-28.24561867873923	84.21720179764547	28	2.5463536594178713	0.00035810959470612404	0.00043624397118275716
44	160.2353538810522	17.193831691602107	-161.43651764835394	25	2.8918567132544934	0.00014435038480121944	0.0003539916535806693
45	88.2775731433709	8.029743952318237	125.19474800462712	17	2.349983337541553	0.00018679610861039014	0.0003575040797522893
46	174.45150692306956	14.13833528460816	-137.52834074419968	24	1.55732621855521	0.0004122346303894631	0.00022606452249483174
47	178.60478969733754	-42.713149857805185	144.12696965950644	29	2.556077415890574	0.0004905163246395519	0.0004143159521446992
48	43.19769458782968	-75.90432560032319	145.2101305510241	20	1.9691018178091877	0.00046862350635905575	0.000303004845557291
49	88.10939184481721	-28.21036665743506	165.7480060246887	21	1.6062413938537878	0.00010229269329771685	0.00032944787057849977
50	113.83571204274175	-78.81114866702065	-149.69659395952627	17	2.175028895074121	0.0004876559891988657	0.0004317372474698667
51	156.1542333517437	-2.6122010842631473	143.16328038073684	25	2.3466940531708507	0.0004550682985756901	0.0002997609267898076
52	3.720814842949163	76.66797970680079	-112.68168540502862	27	1.780004013457296	0.000206784654205538	0.0003177713067711933
53	-18.136366220492334	64.11945469578832	42.82403410895446	28	2.189450371093656	0.00022459781635769747	0.00027035661291874665
54	63.64486589917091	-44.886029309860916	-47.66632893342311	16	1.616533185907881	0.00046767856352464726	0.0004002920943709484
55	169.48781668687357	-18.69629835715007	171.60465575684321	23	2.457284735864431	0.0003384687375290463	0.00039507751538682444
56	166.61573204241117	18.57241661704791	126.22090575443765	19	1.8187792800121816	0.00022378206404304426	0.00038524377336634764
57	15.944853525560152	-13.760931008234058	151.24236607771036	15	2.1615397841853525	0.00033440307923927605	0.00041159515870676974
58	-26.27533757158918	1.55077853159141	-20.766112559258122	16	2.133967386683567	0.0004288908933791411	0.00045897912803292924
59	-156.17571852958127	-17.724066794394304	-53.22714753721948	27	2.523283319107899	0.0003139528137560677	0.0002123493066644442
60	143.15636500657715	-11.657462666632322	-42.859163151271076	17	2.414477958027308	0.00017726039451864274	0.0002460415634160913
61	-8.963103075429782	5.3229123885055865	-18.152952460055207	15	2.5706295216981023	0.00015066647732427866	0.00013775625994867543
62	-137.9479241337349	55.96631409655043	-153.43990353456437	21	2.399701569050176	0.00031994702000221934	0.00032091972211664607
63	-94.23781380366555	-33.77396524261805	8.80858258391381	23	2.0488569245980703	0.000212786926495264	0.0004732119022802828
64	98.73842623160463	74.00077894093418	-162.26615119954135	29	2.7740650582002493	0.0004095183586850041	0.0004208869381936895
65	-50.220903410728745	20.85650180650637	-67.45878129462045	27	2.271368673753915	0.00014057388687082543	0.00036492429408088576
66	85.42803050039366	-1.9266964477383823	94.14504813546974	24	1.8063224333816175	0.00013559042497073335	0.00037304989811865385
67	172.3536474855915	17.822550515701074	154.36727598565355	25	2.3494505175326723	0.0002513112743901116	0.0003293443093968629
68	162.06387084589244	53.99315968825997	71.53654931107108	29	2.2082989598914295	0.00034618556839257616	0.00025692473616377876
69	14.157768460424851	26.13446282832267	-72.34837201236023	18	2.292666494797275	0.00023037572173575206	0.00024057823548967916
70	174.70980519141114	4.8526515059114805	107.99823397321076	24	2.914144125756116	0.00013439823806338827	0.0004973056341665487
71	-115.34716079312746	72.28503324312702	5.0145063358893305	22	2.8712067832092956	0.00032564520347071207	0.00043918466395147563
72	-135.28599494888314	20.526878106750136	-69.65780749984908	15	2.174044271127676	0.000210910319198724	0.0004948380627652401
73	-121.1865112845562	-26.420957968483673	146.5242757707181	24	1.547659896105584	0.00016547257736499105	0.000272517482701173
74	49.98767317338638	-1.5287770303623962	158.71403713232593	21	2.611415107585507	0.0004461609667039879	0.0002638332787742242
75	7.616137896975442	-19.509838834798035	43.9501532509595	21	1.8439066678328269	0.00037695217346699517	0.0004943514625516305
76	-115.05106609757736	-24.66455494411516	28.287023833452402	16	2.84335184010821	0.00011030235037471552	0.0004084719520769512
77	-119.96239869268584	-52.694199104341855	135.3963975150271	18	2.8630453844412793	0.00021420638868798684	0.000151644211890577
78	-117.91196850993667	-27.666561822558503	47.205183351649424	20	2.6681817363692932	0.0004470625468031013	0.0002980270123325554
79	-55.94241722732782	-68.53011838551849	52.29506597091057	24	2.8860909762485814	0.00022749587511561173	0.0004294680006680083
80	36.93855083225911	22.082063163828842	-130.56395540191062	26	2.995384823719386	0.00020159968562904448	0.00018732819500510398
81	53.97341630594796	34.92697865919348	-86.7065503458919	26	1.9988821806130184	0.00016931119562055036	0.00027887687904142147
82	33.98874269397048	65.77250753735392	154.00924926100834	21	1.59831183708065	0.0003431261116713573	0.0004970670871534532
83	-110.3709556567307	-33.16875944231484	-118.59056451552802	16	2.161989437091489	0.00011627103994094268	0.00020130256365251696
84	-61.517585694182465	-67.02030067380642	83.63314603942229	20	1.7198097744692329	0.00036374154029423773	0.0003941874964399181
85	-71.72804869377974	-83.40956376671072	-61.93755572232236	26	2.1923073022304393	0.00014544624485881148	0.0001798551865837094
86	-19.989247605691954	28.181855676396275	-144.9865483689425	25	1.5381705644273063	0.00016568822654752866	0.0003558503877818457
87	-44.874942192232886	38.80587845842646	-91.31237113561916	26	2.0286972200054154	0.0001536547009090634	0.0004361706358132365
88	-78.24213330799584	0.4255320095666622	171.40341820652233	29	2.719303946972532	0.00022825596378470137	0.00026889382503612484
89	77.151659065839	50.53936253851898	-114.54522297588166	15	2.4319249425481013	0.0001542420544169966	0.00033086226549447907
90	-171.17909519384605	42.41695752223067	21.45011872102175	25	1.651669321269332	0.00031922334851785486	0.00020142564155796688
91	-90.4137195004678	-59.605489512456515	-3.750217363092621	27	1.688679660411199	0.00014394942132075697	0.0002615025653668753
92	172.87539693322583	-36.422529351739996	-111.34614693825785	24	2.2282850469480255	0.000490824574071035	0.00026007382854193465
93	87.7386638650535	27.132508204838047	-117.36608032313903	20	2.10392480961745	0.0002464122282799218	0.00041395687550707227
94	-89.22336925420943	-66.42825361882196	143.83292802640213	19	2.913945392799491	0.0004425635732510907	0.0004992616324559606
95	-158.75481551577298	-75.0644304629725	-74.51615573595268	25	2.2424583009738237	0.0004279810363776668	0.00014767504847017806
96	-9.75736299219904	-20.579209495624166	-179.04294350521684	24	2.8817194715476013	0.00012819248515851363	0.0003539164701870091
97	-15.155883250473666	-8.533230408147348	-14.155640442549835	22	2.556960098658542	0.0003318963990591807	0.000293524778098715
98	-94.8161458168781	11.0094576144367	23.77889637592432	15	1.5296861635379952	0.0003569514075663996	0.00030998423289421045
99	55.71467444203798	-43.12004951343351	39.63753850719777	24	2.345838701793893	0.0003893439399504724	0.00017128427762752108
