1.483050847457627053e-01
2.389573157719680763e-01
2.763325546888516504e-01
3.147695901591855416e-01
3.323423232235304114e-01
3.469951157421538035e-01
3.591526863579538320e-01
3.767254194222987018e-01
3.851667020535565200e-01
4.025270758249319680e-01
4.189849224761935109e-01
4.307177744617530779e-01
4.425037162753016062e-01
4.548205563813973451e-01
4.605011679888733611e-01
4.773837332767041919e-01
4.857719261116170140e-01
4.862497345571888396e-01
5.038755574495227263e-01
5.140157145890846824e-01
5.316946273220650721e-01
5.456572520831608486e-01
5.579210023359524317e-01
5.852622637249502713e-01
6.130282437758325376e-01
6.231684009217233200e-01
6.441388829773615488e-01
6.518369080231026791e-01
6.603312805393086737e-01
6.722764917988512945e-01
6.724888511108071398e-01
6.815672117475491953e-01
6.866107453558697449e-01
6.997770227287751776e-01
7.055107241199385371e-01
7.057761733105137880e-01
7.168719473348906801e-01
7.216500318538967562e-01
7.251539605011679823e-01
7.288702484730525955e-01
7.318963686431079196e-01
7.419834359483522546e-01
7.353472074623901289e-01
7.454342747929496582e-01
7.523359524568292711e-01
7.496814610194086903e-01
7.557867912381387443e-01
7.590252707328075665e-01
7.591845402674047838e-01
7.665640263578699098e-01
7.660331280653227548e-01
7.711828413675939631e-01
7.780314291908270175e-01
7.779252495348490948e-01
7.796241240178382048e-01
7.845614780081535677e-01
7.811637290168603753e-01
7.932151200083265019e-01
7.916224251686577729e-01
7.924187725378616376e-01
7.946485453133979027e-01
7.928965810403927339e-01
8.011785941686973000e-01
8.029836483456369578e-01
8.023465704097695328e-01
8.028774687023166878e-01
8.083457209472064697e-01
8.055850498917807023e-01
8.061690380249744159e-01
8.063283074709685083e-01
8.122743682183892755e-01
8.141856020639646196e-01
8.193884051815671921e-01
8.162561053555339452e-01
8.197600339521746715e-01
8.193353153409206335e-01
