2.148355114662041210e+00
1.885164151856995041e+00
1.758645134838960455e+00
1.655092970280415354e+00
1.592243524918158348e+00
1.539510076884935907e+00
1.505965191306873452e+00
1.456391390176506873e+00
1.423826154717773296e+00
1.394176471635879544e+00
1.355858638474429334e+00
1.346089014710324827e+00
1.299037773003115515e+00
1.260077059509445929e+00
1.246932406591543696e+00
1.219389497512311848e+00
1.193496085322062639e+00
1.169689132924747188e+00
1.150625194402529861e+00
1.130723189740556744e+00
1.090684792878496623e+00
1.084917442108522145e+00
1.038056682720131629e+00
9.995029593227926501e-01
9.536784582898529816e-01
9.320951924756418761e-01
8.944243148624276829e-01
8.767332912984990845e-01
8.547890563000031250e-01
8.320856323083207773e-01
8.194587945963425213e-01
8.038991482097345154e-01
7.987504993864218417e-01
7.610020500303807944e-01
7.538967114467989283e-01
7.487570324833161539e-01
7.313887710200674963e-01
7.212265274863406406e-01
6.972337949551906666e-01
6.912072987585823336e-01
6.827467445178911909e-01
6.650444045773633572e-01
6.783865438091903899e-01
6.447484532241027910e-01
6.344363075782093464e-01
6.368887618003719053e-01
6.308965063520388661e-01
6.102739104889942645e-01
6.054549670745977830e-01
5.923777191495662731e-01
5.971528310941824902e-01
5.848182931045585731e-01
5.635875114262496322e-01
5.679311616883001568e-01
5.594616411698803971e-01
5.533370739855718590e-01
5.582145909059070821e-01
5.303552506594780835e-01
5.355690564413591037e-01
5.314354185821094090e-01
5.253283701699411612e-01
5.324307609563877497e-01
5.136771938380073621e-01
5.055009354310168179e-01
5.148091366726973428e-01
5.081583568689852504e-01
4.899717315946017226e-01
4.951320858258911328e-01
4.889400873272300996e-01
4.878967860672068224e-01
4.831410570492990497e-01
4.792039460957644992e-01
4.641858290388063413e-01
4.651735541382066574e-01
4.658531726204075407e-01
4.680245500330865172e-01
