0	170.14323127493213	13.238647719024794	-52.92943793249051	26	1.9831705245447462	0.0005502140677796991	0.0008731091908677538
1	109.54969387883257	15.021497764300932	-54.67571524267598	24	2.814214518371777	0.0006756680951738384	0.000812560841666867
2	-72.93126978863202	-32.37716242640812	119.91178128673211	23	2.636264408774167	0.0006954010557492765	0.0006172164122812397
3	-142.8995880786902	54.16959296597191	-171.7361812583701	21	1.8793732863238728	0.0006793152620876784	0.0009981147742272505
4	62.6731746727646	31.48426841658965	123.40304703540919	22	2.4498801708935134	0.0009587038491736988	0.0005834344323112276
5	-68.67381926855167	-41.746924273548025	-156.1543357238994	18	1.7389693516010134	0.0008687144859451652	0.0007423738745574912
6	-150.7835650050781	-4.909630304275152	-174.29013505377742	18	2.944311338789887	0.0007906424264490886	0.0009462745619958755
7	-126.47056932274491	-4.118031303281061	-2.159949137172585	18	2.6763145235006114	0.0007113988231262857	0.0006347282337696992
8	-140.13184495770517	25.05872156946928	-83.11385062787326	25	2.3477666752062945	0.0007407956197290855	0.000630650043733576
9	137.7925023071214	-12.322620411207948	-94.4447912120403	26	2.6208072563813105	0.0007869723044421378	0.0007696763561214573
10	178.4752559224059	12.110883587898558	121.57344841019898	21	2.2849223572353896	0.0008273877439793551	0.0005371640751396147
11	76.2532867870221	3.007526955012994	45.25441916287074	19	2.4555137685426875	0.0009521898376649273	0.0009478940743055577
12	-174.5703362727268	57.80963032214481	133.00456630752146	20	2.986190268688801	0.0006116240035669719	0.0007522513237291245
13	-44.96727461905209	-1.4214803592037868	1.5874069765566166	19	2.2341096129576963	0.0008697212284052194	0.00051474888846021
14	168.90553023679828	29.09703357623236	-24.52755382218416	23	1.5607612913181297	0.0006673862089444546	0.0005834467124194149
15	-20.01811107238589	21.99160192597719	144.28103812500711	26	1.9959811836393875	0.0008969246780552145	0.000567601827934598
16	-114.64870163147407	67.81525101026108	95.76970960213126	28	2.29712428821549	0.0006886800892991418	0.0007229437554663821
17	152.16719514321335	28.313473450300403	-142.28568925045394	17	1.7180724730382795	0.0007920741820299382	0.0009731789486138284
18	-10.05331721806181	-54.46024191768463	-94.71272277464709	29	1.7663715376195093	0.0009040480410766155	0.000565991024904473
19	-140.37707414210377	-68.72495796852685	-80.28454656330949	23	2.280158650737102	0.0006053775516490705	0.0007412753053287456
20	-59.89740610127316	38.364268903700705	-65.3093001867113	26	1.762093079256467	0.0009448168025828917	0.0007211920803753803
21	107.77166620874449	-0.8265387830591071	67.36480401986422	23	2.5354634008152916	0.0005770220171129783	0.0005393049747966041
22	-98.65731989603378	63.09759524251531	-172.8211035274908	25	2.5368039513531766	0.000742536732170785	0.0008022435379229062
23	-176.10216177897954	51.465451080897104	134.462043226299	24	1.8287947336264871	0.0009537226335121617	0.0006035158029824817
24	72.61229721193969	66.67681195049968	-37.91582457794604	28	2.296764161749414	0.0006915008680915512	0.0006207621854627064
25	133.8636851550585	-51.71414516441562	86.77167964598627	26	2.568276395912256	0.0007096933218655101	0.0008530458686077972
26	-46.664131654392065	-4.511593893523467	-125.2829175038378	18	2.0681873945763902	0.000931298733961683	0.0005710312185179315
27	16.504613067239923	6.64629259440149	-92.57078095172649	29	1.7804075355330113	0.0009117748260564877	0.000882630851236912
28	-16.850234656331025	-30.752678224654364	143.13901799047343	15	1.7134971895296576	0.0009799100275012277	0.0005607975933084382
29	56.77379538029064	-41.3477754318975	-51.683644977572584	27	2.025586579560767	0.0006758274795331509	0.0005949712295288583
30	-147.75989591178623	-29.029806687124022	-12.79818431911835	24	2.3888714706608094	0.0006886646488068267	0.00067203379428081
31	-20.89162837235443	-65.11811928501157	-144.2517293496743	15	2.0852525813921634	0.0005965675915736309	0.000567984292236135
32	-124.65299117247757	34.78374228986303	123.889910983948	26	2.438920918868622	0.0008860611311775441	0.00087116304968281
33	-51.07990871756626	-27.87124943191396	-0.1731418934145165	16	2.271378583015948	0.0009436563496821894	0.0009554038557173884
34	-16.556703536329636	-32.75838514501624	-92.67687355220734	27	2.1555868837072607	0.0006317430320514654	0.0005280074801500846
35	-121.0491208673762	-60.69664804829954	127.89883732574788	23	2.2780166215302056	0.000578424019988477	0.0008735758179710173
36	-166.62238195921933	-9.816344069531306	69.91393274493706	27	2.870418136799832	0.0006350023313443627	0.0008509553753742337
37	-8.626599139577147	19.216522623972804	-33.37776199111197	19	2.8066224998521987	0.0009388448725314875	0.0006944903427214395
38	-20.17521942540309	23.649604112765434	-21.43285870624411	25	2.0340878837152205	0.0007337506480631171	0.0009781564233155159
39	25.60376925626337	-4.0422825936758455	-90.10830751116305	24	2.1120369154123115	0.0005712110909460214	0.0008713181850366459
40	-91.85830587388152	-16.163741567478592	142.20491919492457	18	1.7347827919701753	0.0008889681867909239	0.0007624854806453564
41	0.9828683515398354	34.0413137977791	-47.79855239329946	20	2.4973592262524136	0.0006992669465964391	0.00081314848481656
42	-84.08246518446173	12.376483444731871	-104.29882375432288	19	1.6275242999179118	0.0007951988406977858	0.0006776183106162813
43	23.996255605743052	64.45327368074771	84.56188066868394	25	2.882805578225993	0.0006928035104552597	0.0005304482347689561
44	-169.31463973785583	-15.52728481606804	116.73996822189625	26	2.4457814891074117	0.0006497532317265118	0.0005611535986216876
45	-99.2722365364694	-77.96336060569698	-98.83326852757415	16	2.5141080775801243	0.0006466560332623347	0.0006582048307490645
46	-151.91747183910923	-81.24862068378818	-13.442617185650533	17	2.5845119026750343	0.0008589042481295405	0.0005972992428605104
47	-19.994974145919787	25.769476614981702	-143.1806883800122	22	2.0119392839850496	0.0008387413426976294	0.0009057998098186347
48	-66.36892591121448	-65.05463659776413	-62.61477289999445	23	2.014343775403467	0.0008530791949630886	0.0008147974276003334
49	142.8024928816806	-43.99888686053377	28.126648325629798	21	1.5941505156282296	0.0009524671637690084	0.000525737984363748
50	-80.33242450292069	59.214000967020155	-59.397712877479506	26	1.8812897727579962	0.0005989785053094423	0.0008326347709287524
51	101.15576635482228	-20.949027239110855	-110.12480525067389	27	2.8872279124226594	0.0006783360567601207	0.000561514619755933
52	56.38569061622812	35.01542463903642	135.65264876625267	21	2.6807277345682015	0.000766173385749471	0.0006391043308073607
53	169.4144369980669	42.698743056125345	-24.904505066227028	18	2.4775935571649637	0.0008616437655313079	0.0006555870686298899
54	-160.2073318499911	40.14612965974684	-126.18691455257107	23	2.666000017310167	0.0009312162509400773	0.0007794935071228117
55	0.03671238328960458	14.814210240828906	115.66326012900223	21	2.120575855417492	0.000833660558129286	0.0006281564784217539
56	45.35817816685276	15.530955657516246	51.5044907799715	27	2.7247504639454805	0.0006222908722330446	0.0006409672956960325
57	119.02082427918644	31.897816270936815	158.0713845972835	29	1.6199123637781205	0.000674111253353679	0.0006544513005794823
58	177.54983770528654	-14.267784235279207	-57.06019197950658	17	1.900020225460094	0.00093329053078925	0.0008439036839546566
59	-156.5035577795229	-66.4600146906681	109.41725373273681	29	2.2311401855879023	0.0006466671940974195	0.0009277772496320601
60	-97.32128154094671	34.53306592270827	94.99286089154744	28	2.737132879633284	0.0006103007235046498	0.0006729333683916941
61	140.01640950431909	49.057211289136475	-109.4450924287405	25	1.640824606830935	0.0006607465754898728	0.0008304868959301433
62	-122.91082638331595	71.13153779731897	-119.81341718539477	17	2.3064691663588137	0.0008127350357675196	0.000606941716038066
63	129.942286323011	39.38893660526132	23.145369189781654	21	1.6211283789944035	0.0005676405126854634	0.0007575765173098131
64	-52.13373484701541	3.2779179741371904	-40.38786114882521	21	2.8164591446252554	0.0008973346233668791	0.0009352546191137151
65	-25.736296014960306	35.34652011826895	168.9909280321134	19	2.8083593870167505	0.0005279567963176017	0.0009944247363783644
66	-107.32031316287143	1.7345400671982159	-70.03384932713482	15	2.2819279030472117	0.000951185468633492	0.0009309829692368565
67	-79.8909113322237	-28.64834279580632	-143.44680365452632	26	2.7783370649788512	0.0009490966938828059	0.0007764105432189472
68	178.34741376526296	-21.744579758655465	66.70399493925476	29	1.7308274570279083	0.0006240013244343818	0.0005026631097846548
69	54.274022767394435	-10.395261072340235	-22.127972373082837	18	2.2519763040428	0.0008567088910103293	0.0005046555567781529
70	14.865959587563228	-15.865805288537766	-14.620237755481103	23	2.4158395733507962	0.0006608119272302525	0.0006715338992319545
71	95.01862796082365	25.37087877373591	-179.60828080743931	27	2.962611574077194	0.0009909302859128924	0.0008156765327582588
72	-143.60662046924767	23.20717106571619	-64.120262242117	17	2.2657077952581037	0.0006216308829152671	0.0008394047317437336
73	64.53132867046608	-30.73877941654736	-148.56461874809375	16	2.8883058666823276	0.0008923055025149801	0.000680683521552794
74	179.23631082724975	-46.777940943363426	93.74525741103668	17	2.6273055186752576	0.0009302407769498752	0.0007500687213233198
75	152.63098959123369	15.223242660702027	58.05057390669556	27	2.5565696023430498	0.000768795125329388	0.0007118774734389587
76	173.33629784567546	-6.113846025651112	33.6794407493801	15	2.598020986907879	0.0009568764786964292	0.0008710923211635324
77	179.55437644592504	-13.91681904661014	-122.74318629300623	23	2.3969964398548846	0.0008180116402523019	0.0008945654639423819
78	165.87763367535783	-58.91384028544298	-105.33476249985138	20	2.353009193815283	0.0006332092441358515	0.0008706295933860807
79	49.96227275904104	49.15418387602353	93.07088970398323	18	2.2894946879290297	0.0007353354424294251	0.0006960097990430599
80	-135.8486124396921	-23.42841688713784	120.8525591771696	21	2.022131142511401	0.0008452052847002937	0.0008484027456317777
81	-66.92273801395518	-38.06809933303816	-63.817987140493436	18	1.8852127710549413	0.0006596635304513586	0.0009350832376609447
82	110.19029070173548	0.5796599551046824	-58.80797202970988	21	2.4343656863615695	0.0006661143487218901	0.0007739812014489875
83	24.157323744243367	-6.380964283372447	124.83461943810153	27	2.001174336397967	0.0006615723062824009	0.0007156970534709845
84	161.02165274878047	42.00740197250945	-177.01069856289382	29	2.4324020449210444	0.0005673653571851566	0.0008246774094593998
85	-19.07733685082692	-34.44250546165046	-154.9787900159802	27	1.6100212613669254	0.0007628203783310188	0.0009543468973297769
86	-132.50945148531966	-18.105212877735426	168.71615251061925	15	1.5095066989292558	0.0008644867552850576	0.0006804078357366234
87	175.82059905953972	14.53046014739917	-124.824067432917	23	1.9891442615528643	0.0008967920082712135	0.0006875502982194517
88	26.78158630130724	-13.47465460157289	46.315772135909995	16	2.3527063202957454	0.0008834204794956691	0.0006837454959521671
89	112.90324315147065	2.5886847114220983	32.74221729891855	16	1.8131144838874964	0.0008492191568543801	0.0007762501137193632
90	-83.82664980886226	8.558570987064389	98.58868445593167	18	1.9393529969566399	0.0005114482385120846	0.0007885548532398702
91	-46.353601619327236	-17.933107097148746	-178.11089281781472	18	2.8764864826309697	0.0007051499015264753	0.0008322507000865621
92	45.69265700643333	57.76536286117149	149.33835485764348	18	2.74750678488337	0.0009655911240885348	0.0006464162132843887
93	13.525599859965606	-35.02737602061249	-148.98493637849305	23	2.9620424900218874	0.0008473403057160937	0.0009713595752942577
94	-78.03042212450353	-32.398244822645445	26.2284254175144	16	2.5950143391331464	0.0006463951083249635	0.0008011075594424578
95	81.08985103483465	29.185290677076868	-116.2429417347368	24	1.9032013952843738	0.0005964648835259235	0.0009537229696637715
96	60.92261319291744	-32.254603753885704	-89.6497841971402	26	2.8673301825696043	0.0005202064603691938	0.0005297285903585378
97	-111.3861745941133	80.72400350912125	-179.1581317099258	25	1.9982019403960645	0.0008103272364499033	0.0005445168417088518
98	45.96973730151354	24.446402216937802	-7.136010973501819	15	2.823972448398584	0.0007929297371972407	0.000750669287271531
99	-136.1445694326633	50.36357983287019	101.55010207378979	29	1.8982938120903199	0.0006176145040952017	0.0007413286991519987
0	-8.226162214217286	4.035220383060468	-91.64901253682639	26	2.086755969888456	0.0007920140511361111	0.0009152599571063723
1	13.611728605716191	-16.325061163247558	89.44439062160559	24	2.6286274303327124	0.0009064361668122288	0.0007564595219792295
2	113.02089688591207	14.441559864133145	-121.68959832628538	22	1.976330006183254	0.0005736762170094499	0.000872404978719889
3	140.24862359227586	3.821078797302016	-24.09154414212212	25	2.527459451813106	0.0006486595355275522	0.0009719379060839533
4	-85.24697317456098	78.43979634733276	-167.06391261268686	23	2.0305724891400283	0.0007238422049657666	0.0009080641892670387
5	-141.45902600855013	61.01660816670858	158.18106486215072	24	2.06168139275065	0.0009100980613725898	0.0006586508349446191
6	106.22585122083251	-47.70508700226283	-163.26448390066173	26	1.8057250886814322	0.0006355109794631848	0.0009340007247804199
7	172.130281094872	33.400730863977735	-68.270616055957	17	2.7530755018984303	0.0005374027366327561	0.0005957608461592085
8	-138.11090554866632	-25.49929474838634	133.38905938158368	16	2.2106223941235568	0.0005691562626229472	0.0005913041218365577
9	-39.81830251727358	-25.762114564126097	-133.72858777631677	23	1.9912631506499356	0.000873770425624426	0.0007288698906991367
10	28.78789335495284	7.04977287104105	62.178932209803214	22	2.45334034206084	0.0007001143632754231	0.0006858849871005735
11	49.83070968673203	62.95076493501752	175.2207324613175	17	1.9240882056795863	0.0008802012162498355	0.0006241531803603837
12	-120.73965462223502	-61.03684157137872	-141.3211064689512	21	2.9453895542195347	0.000651333791468551	0.0007024279395660508
13	-147.27987907805513	-71.04434570877488	153.91022180239133	20	1.572720460026211	0.0008039534417082221	0.0007976341196560437
14	179.21914077751646	-38.860647203042156	-127.97578552899164	19	2.575094223087204	0.000895483733484227	0.0007401066109342043
15	179.86308782958787	14.708963959771364	152.43008555448768	20	1.8379315157449556	0.0009899374428662482	0.0008890150076370708
16	41.8672756740583	40.81651182836696	20.574621717627846	17	2.1717560891356467	0.0008598598888985146	0.0005520702424326088
17	-80.08168576772009	-70.4971155571925	-166.83575705076996	22	1.6137471405047707	0.0005111604871566812	0.0005447914217265374
18	-175.99377120690568	-19.61958930096409	174.85021968917127	27	2.410708601453091	0.0008718620363677638	0.0006173651881921898
19	101.83385301890526	0.4329184859404233	177.78146094938273	24	2.3991846810465693	0.0007969310684265742	0.0009344419091233256
20	-120.66812899881315	-49.08803188137321	-172.34035028206108	24	2.8039396524942717	0.0009471648635178277	0.0007442161147150227
21	-50.12254499869549	-48.392439376874655	44.97513019611775	18	2.716387865869364	0.0007225167688337469	0.0009981570457448844
22	55.71747710480994	-68.04145566249987	143.031752033609	28	2.5276012551350004	0.0008002234952182866	0.0007940492083901147
23	168.592256324168	-0.15300381339996036	65.8528437654065	17	1.5070115782978444	0.0008285213189615199	0.0007559204869242704
24	145.43295332412916	-37.794998957561724	178.1318207075862	17	1.8037718291980656	0.0006775037970366372	0.0007117081216099864
25	77.74312931895771	8.407322227194893	47.15670365879416	17	2.0658876333515783	0.0006453810699963191	0.0007702125889432294
26	169.73945228975367	-8.117652825426177	91.48063263327158	27	2.4991163029272143	0.0009782136718796406	0.0007107409677688275
27	-46.56619471712975	36.374734150346505	-23.003244132513373	21	2.5846622971716005	0.0005120781502627811	0.0008505290696136183
28	154.78721746886504	23.180872895094588	120.5287129917657	28	2.7671807021852186	0.0008065801755716913	0.0005575767029307194
29	-112.09669124060257	12.36964095914502	-175.92232623536754	21	2.73154063090729	0.000952923664868359	0.0005696275762468631
30	122.00141366017805	-31.881901161252085	44.79175843722209	29	2.580471704665025	0.0007081109693271371	0.0007297726106481265
31	121.72768250418912	20.479104413999057	27.933103156664547	28	2.7805238806589863	0.0007387438730844429	0.0008978837605488076
32	-41.980245814691834	-5.868090828121515	1.966630719041772	17	2.345341717172057	0.0009624800657270578	0.0008233910240772768
33	158.99729311465376	20.935864057025345	90.23629346194305	29	1.707485208475834	0.000889153716494214	0.0005307804113821916
34	167.74481913731748	36.077952978493364	-39.92141759489872	17	2.337413155030129	0.0005677252082555289	0.0009398263880105097
35	160.70008493806986	7.414193259909579	144.32214011235035	16	1.755460063936522	0.0009452591689847092	0.0009386364235640589
36	76.53169849224332	1.46989619298201	-60.57081463759712	17	2.0904054960659684	0.0006558823267737456	0.0008962981384166821
37	117.17608662517398	56.44593767873092	14.428330647566323	16	1.6635228540783025	0.000870032730084062	0.0006800758474938166
38	-36.753116499486914	-15.34567020537652	-66.96350068506793	26	1.5650075823237275	0.000789368796728782	0.0008332221851960015
39	178.471203358676	-20.731227338062975	163.81102901500574	18	2.878427322704237	0.0007288206412648954	0.0008772672320682604
40	-136.24062757874339	10.905965303577464	-39.89463584503276	18	1.6304384583759313	0.000544067644519571	0.0007978943075908359
41	33.79226591689416	-8.234285054076267	-10.1671700232232	29	2.382733800505256	0.0005151057915909419	0.0007388510039582374
42	130.69814160765154	36.07073240957176	172.1142013311201	17	2.0430824139956165	0.0008682450747832784	0.0008564487495559808
43	-107.85226277634126	-67.05605916057885	-71.06023452377335	29	1.6890223544911502	0.0006921775681191969	0.0005616382624295282
44	-142.2121605596078	-8.867485420815067	-74.5420694399593	23	2.8304819843859237	0.0007185378584312207	0.0005701435810525786
45	-143.98194325016877	-5.091063999392263	24.80656946490709	18	2.7355344145911364	0.0005899086191009553	0.0007657401089644449
46	-120.3216921476623	-10.281022174632295	-43.33258265580217	16	1.5776661111375825	0.0008251317485052555	0.0008810680596730049
47	166.91819529918692	14.121696212951411	74.95201630005279	22	1.999882736797574	0.0005649740852652081	0.000889679104192471
48	136.252854672909	83.7984763629177	-164.09228275896623	28	2.71934014030251	0.0006992136548229164	0.0006272756377668704
49	63.78290129958266	18.23267714729083	-71.14511151416436	26	2.8470148352046687	0.0009171504158013188	0.0009658435267674633
50	-112.95619486895414	-2.64760356362209	178.75357356994394	24	2.499726734923697	0.00074287899569352	0.0009725191954563931
51	-139.7066003293656	-9.192017900758048	-33.95341723522276	26	2.7775145241516253	0.0005053037908870794	0.000550939664433931
52	-66.67097628333566	-19.883437769020503	-27.345072824766447	17	2.004627845242645	0.0006665488719630933	0.0005893744758953608
53	-122.97319653818043	4.325743680758808	146.80953121597446	17	2.1778249066831252	0.0009876855779461882	0.0007962217786099736
54	66.14858079960825	18.362212751416678	-177.20219617509832	26	1.7472302989591588	0.0006272663037516888	0.0006408637420931148
55	94.1052036818046	-28.744978880962385	-12.32268621929126	27	1.7370411009395152	0.0006646448439673837	0.0005530384951102306
56	65.95782463763604	28.683696768376873	43.95577152013378	15	1.7873097822290167	0.0005587850347598422	0.0007366458183840695
57	-96.67313455411099	4.072330629488078	43.06840524999183	19	2.007437940378709	0.0007557490644000438	0.0006843176522274832
58	-41.604450960978006	7.683755061214385	96.29146551781224	18	2.140713104134739	0.0007440933890590811	0.0005167903085679052
59	-5.370504767964565	35.23155752137984	0.8497320106570007	28	2.522839598295863	0.0007646445970581738	0.0005246235891603568
60	-130.14611272178337	67.2541415902693	136.99100411009167	20	1.6832622734146416	0.000856486407545785	0.0009250263973441988
61	84.71212154327095	48.43849817692578	-11.777987549969332	17	2.5915446436002316	0.0006404963425942142	0.0006218879266916945
62	24.972915698823968	0.14786488993479152	136.4473299890141	24	2.0676554359740438	0.0007934153825149111	0.0006124388782847461
63	-135.23939755369872	-30.78320346239661	-146.25192081573354	19	2.3200846872147376	0.0006616042253331549	0.0008759887705039026
64	-114.13536789136116	-51.820047067811736	-36.88103540322335	25	2.7513483289808716	0.0006970570929124291	0.0007566879365804718
65	-79.97873757502208	50.871965734045794	-134.55770677038487	17	2.491555960714039	0.0005408649000691836	0.0006001775382667116
66	63.87746600959328	36.925762085713856	-19.18486376089263	20	1.6330642645311635	0.0009455880291289725	0.0006823103075045751
67	-103.41362010565402	7.9757344456668	-161.12955489718766	22	2.594822810119795	0.0005767693256781717	0.0008337903006674539
68	-36.37408299728515	50.73193010432988	147.2499604397509	28	2.68302582094506	0.0006420875322769386	0.0006463964193761518
69	160.4740857991723	-43.95638396723304	-150.3071980607835	29	1.6028824032376892	0.0005006132470960306	0.0007407668177193962
70	-55.171465671240426	-6.2019415135535425	-23.946122794778866	17	2.727177512927168	0.0007369403009632656	0.0008778800301882941
71	83.92164189930766	-18.54159055883405	80.38928716626236	29	1.7626350322927977	0.0009877601686308544	0.0005114985515841077
72	-114.72559064931933	55.338358953801276	-120.36533700615921	18	2.1728761453983996	0.0005398071780143802	0.0008435251396391961
73	-106.15446171500832	7.429130179508352	-150.9760993062177	17	2.857719861042158	0.0008192799519129434	0.0006474304447785147
74	1.3437896789015342	-27.61320399425549	166.78577093056234	25	1.5972248061659875	0.0005114993158913496	0.0008928411266597442
75	-3.0578308341288927	-7.344765359114786	4.202185906837893	22	2.35611312953685	0.0009085559334730141	0.0005446064994690167
76	64.92840213091894	63.86315950899364	-25.584929698293454	17	2.2393233426246337	0.0009199769445453672	0.0008259181229418639
77	-118.8580234554975	12.413618623789803	-52.486028569173236	23	2.6941325821363025	0.0007908121677914097	0.0006001122851935703
78	-175.40017298653032	-8.496766531837745	101.04423407039236	29	2.1956035974703494	0.0008303107410013887	0.0008859498692520165
79	136.24285342960562	-43.361830439270946	175.67546839613692	16	2.2933484080391136	0.0005908654657807427	0.000838730835787933
80	36.526504214533524	-43.857067406649314	105.18307210705271	27	1.7039412176742608	0.0005783205045125424	0.000981710430576135
81	-155.95483241810328	45.64269909791585	-116.5078306523969	17	2.4439922817596957	0.0009006233720640468	0.0007303402039621524
82	-176.6251754269923	1.3585573034065481	20.82368389247721	17	1.672136601315074	0.0009902908376168576	0.0009660793723973472
83	-20.161676508967588	1.7575798792657344	-177.91390527334343	22	2.320360281187873	0.000599203999575954	0.0005257286412196335
84	-8.269711722463844	14.03348517122437	-175.81183532563108	27	2.291157211601271	0.0006797513418352543	0.0007025985433084425
85	-114.99365217700839	63.299642319752095	82.41218643080092	18	2.899483164249539	0.0007983843103032903	0.0009231543806934017
86	-132.437748362299	-43.83051181931821	-19.553560759694268	19	2.2796658471100555	0.0009583217955449928	0.0006801163747082276
87	100.90870543512284	-46.33390659931482	-76.79472139268242	23	1.9825559900427052	0.0007609567343550671	0.0006871683934606498
88	-94.37148348076146	27.803383036940932	-44.96027949152689	15	1.5060052015476155	0.0007637351397056279	0.0009459934528637315
89	-35.612097310847275	0.7587553439819721	112.28711551362066	21	2.811724970100253	0.0008269808073480966	0.0006626852080973369
90	1.7791784744080013	-44.895214789273304	-69.0224481648399	18	2.5479958907424884	0.0008271532000655458	0.0007233591964733273
91	-55.53143454354581	-46.26703403724155	-94.7097049246593	25	1.7131111251263558	0.0007957645710503635	0.0005194868166405206
92	-67.29590257096791	-82.34988051339505	159.58080670611568	25	1.89665211834236	0.0006245680722040933	0.0006585369905661205
93	57.07810851695272	-13.457862107258384	42.067865124930655	23	2.093749808839955	0.0008698421708912263	0.0005124421580863875
94	-85.55748757806448	5.808105943162513	50.610738216466466	24	1.6815967895945645	0.0006608777779100347	0.0007234231692434872
95	57.98404841128341	84.62977715990617	-36.33857967299298	22	1.9796290277426887	0.0009881910266179442	0.0007382675213471806
96	-5.075271989379109	11.62187902152252	-123.20276593162095	18	2.2996578565064643	0.0009857932733765128	0.0007738035211823968
97	72.54928394460015	35.500090201984186	-107.43569387011365	22	2.618602802848207	0.0006948440936986427	0.0007876002021398722
98	132.5120683637408	19.057761981432563	169.5845752625136	15	2.057396933497909	0.0008105389885752663	0.0009165177281992701
99	161.58102706762617	-4.602376656961848	-146.52681347638526	15	2.9248741959409195	0.0005300048576411119	0.0005273709168731742
0	-154.49691618930407	19.0741586656917	-152.19414865617986	22	1.8744372240861973	0.0002738772581359851	0.00017281880393692987
1	30.022943500786266	62.52014780988772	-78.78294717600821	21	1.9017913709751073	0.0004075156463637998	0.0003493802674289345
2	171.9358004107693	-11.79503315756041	-96.2386874163869	24	2.4239858999798134	0.00024373185784361235	0.00041919773538229933
3	59.98688184233196	32.86551112586048	-141.73487351108852	16	2.671013585627075	0.00037749102672018583	0.0004741910438255661
4	43.46791497196016	-11.46887550341117	-120.73184027481109	25	1.9482595111351733	0.0001977925696814142	0.0002828607619077536
5	76.69923165268233	-8.983847795544175	-163.15161900693525	15	2.9337970181381596	0.00045860621988987244	0.00045567551329855346
6	15.795008074629521	-43.46378146297355	-61.674652710065885	20	2.987363836910827	0.0003715762234793072	0.0004528432421114766
7	20.724080421050452	41.43483961314217	-52.90185850919943	20	2.2676173298805558	0.00022179507902746616	0.00028777121158380086
8	97.98098491119576	11.253685674948537	92.80117915067862	29	2.403129609239226	0.00027462923559806046	0.00021762493293894358
9	154.270459575225	-66.80484379591229	-70.60159455882655	21	1.9693394593582771	0.00010881330043803608	0.0004982225306521156
10	103.3512286285208	-2.6153660641294825	152.83263772513394	16	2.306640796477411	0.0003316710282300462	0.000265250003458812
11	68.60950581243495	-0.12057370454837714	-120.84799423753564	26	1.8525044399576507	0.0004180758397995841	0.00042808312734610995
12	-28.172154017374368	-27.609050690327372	135.69654393157236	20	1.5223999399977444	0.0002671843089017357	0.00032432134327246094
13	90.41145831114183	-19.323503633189176	174.21953837581646	28	2.733892274889648	0.00029396327873027037	0.0004146875923405958
14	85.14423044702839	-2.5734187486292694	-131.16519654656278	28	2.6111545888108956	0.0004650058070368607	0.0004700299176432839
15	-150.21487452617063	-22.4003060188245	119.35850696158819	22	2.6591581490527427	0.00039772883792976266	0.00030674684032625
16	-136.67820125307915	4.138510293156639	133.26512008083378	28	2.669410977484346	0.00026940987907800795	0.00020393005634389353
17	9.637192815657473	37.37974046950134	129.5701144031256	18	2.6822941190488025	0.0003825296957247368	0.00014546654647619483
18	-107.42867983185992	55.19723297124115	81.34972607516721	25	2.8877651822165857	0.00030993987436052427	0.0002981236314352425
19	-118.21319450500654	22.10016797531339	-57.71205474667589	24	2.2519542037263256	0.0003899473214372414	0.0002572283657892917
20	152.61095778881818	-25.770756020502308	150.90135375999816	29	1.9376876241763776	0.00047992154418986457	0.00034425719151090966
21	-155.41680250020005	-9.566706432503661	-111.87554942064845	16	2.2013349073611628	0.0002790566951534968	0.0004557975744519814
22	-84.06372952035946	28.21947784663141	-167.79401456008202	29	2.575187079801991	0.00022300858981804647	0.00039109417245298037
23	-78.16180444973371	7.502258370803107	-153.23369554767925	19	2.7718595741410565	0.0003461336507542862	0.00034960056061950344
24	164.15206810635559	57.989338973266435	-150.69669504686846	20	2.886337863473355	0.00013326108668451978	0.0002904929244048899
25	-44.43164751691107	25.58449655245183	-7.06733946704821	16	2.182284948016344	0.00018775237522828953	0.0002403727799736341
26	-40.11445852764249	-79.42912112745438	-42.17857294293817	18	2.4039359360096273	0.00040222559924872636	0.0003353609226861531
27	175.0949717860525	-6.029840388390463	-49.464171389551204	23	2.129076008982161	0.0001572106872853892	0.0002106214221460833
28	-77.74916528745457	61.88503831662075	43.997390449566275	19	2.4025502332868918	0.00017238132767064104	0.0002583283841069143
29	-70.08562357479289	-14.987327142316154	103.29326705976182	29	2.229664420970246	0.00031641103587114953	0.0003618460002207059
30	30.80167307323715	28.18319088047868	157.2000102390845	26	2.316681395116385	0.0002073308010374281	0.00010905330386757684
31	138.51074349021488	-7.104698451170664	90.68343782844983	28	2.633491082352176	0.0003682853119355521	0.0004906162906098699
32	115.60801184054178	-25.66632372147428	40.669871783133786	29	2.5347862672103565	0.0004531663720867684	0.00039120165936091145
33	-15.677765645132764	-74.92011613211893	-34.52361563187975	24	2.8759226984610833	0.00030830476671259426	0.00044481553099221183
34	94.83671253215918	16.965860074690497	-48.05050266807854	26	2.4337367749500123	0.0003281260285487884	0.00026730135859783367
35	26.430764984459106	18.99295655564482	126.74236970759374	24	2.0044761024798206	0.000464165851105266	0.00028053051511029104
36	-45.74930201289385	-8.568757502548518	88.5195957712863	16	1.668506779490807	0.0001260767957471331	0.00027627931501101054
37	69.13387588678012	37.59106959131703	71.13217228236137	20	2.6163858722024766	0.0003277241686719996	0.00045397388817031733
38	112.80703953913509	54.593325054825854	-166.40312560396853	27	2.769670443799228	0.00012623140065774237	0.00030800020243280197
39	-109.22837154916652	2.7611425714131665	-88.23910906548204	18	1.7947931554669954	0.0004119140720425608	0.0004457066658945567
40	124.61939959544553	38.74004098141207	148.22975869957457	20	2.403553351746348	0.00013196362588231236	0.0004424056793384502
41	-36.18223960077898	21.583367896398723	43.458375534688926	15	2.2015042833403133	0.0001647631393493519	0.00027230380465424677
42	39.30860345400807	-34.13046870338566	26.94714020300952	20	1.64084368158719	0.0003107970371826675	0.00038058546203624234
43	-85.15331585492665	-16.74598783715289	86.87874687926244	21	1.868452418114769	0.0002338742822340691	0.000492723543077776
44	-91.35604439056016	18.88941065747754	117.12079993457235	16	2.4178346719598682	0.00035674852422562617	0.00040670540800076706
45	9.471466817230512	-62.3885207945142	-162.36088695657827	28	2.854866412183158	0.0003618647257129576	0.0002702408354380107
46	49.95469113214309	56.57680849798417	-166.8627422552457	23	1.8520684316401312	0.0002989770336508706	0.0003627034602898594
47	25.51233264210345	-28.6336996465272	-59.545997095850055	29	2.7321198811332317	0.0003486966977597216	0.0003568939419492086
48	57.21424557773486	-1.1073928911772375	-38.95932047468784	28	2.0708064636220955	0.0004693445784282503	0.00015756148384669585
49	87.11301973143898	21.47140635455193	-85.91939481236004	19	2.1322784332128073	0.00011365802132465947	0.00029102791911432796
50	19.678290564526478	43.759297387338876	1.94377848042517	27	2.8853569021510515	0.0004051403041531687	0.00016723599137431387
51	-153.9183217065388	22.803169907396406	61.173907087382894	24	2.2020870776245722	0.0001224073135114632	0.00029748591648643677
52	-147.26351604379795	58.54146853182728	143.6796900897879	23	1.99351687860484	0.0004980805408726362	0.0003580340024173937
53	-102.79833178618377	38.51049722410153	167.6165757280982	19	2.9932753511326182	0.00028151273788847204	0.0004650487977622916
54	-133.84990976980137	-1.4234732161145647	68.17760585519409	24	1.5795314456606262	0.0002709343445362224	0.0002106188304701779
55	-152.41145168084958	-17.159184432234202	-33.16066709551906	18	2.7840495196043875	0.00016114059299250551	0.0002751745775227939
56	46.35219335400347	41.42427852448538	-58.411734012994685	16	1.9623129383914162	0.00039426115027916875	0.0003149702433839072
57	-131.65000040072675	30.62310447015206	115.67148614780724	25	2.037501245765207	0.00025603900656689384	0.0002870260597828741
58	-55.16553070274651	8.285669339984405	78.58903818425344	27	1.8493936231490147	0.0001836681441151467	0.000355918233800648
59	60.38977319654939	12.82725727217226	119.15212640479848	28	1.501349933586788	0.0002599295330888692	0.00033138447424568206
60	115.93060325204179	-2.5887256385274484	-71.13027238838414	19	2.5296541084976267	0.00018199939980190173	0.0004954223202771294
61	-20.463809625512987	-53.556816597276764	-10.24036599769316	25	2.2693159441288473	0.00047860220334672635	0.0001545333319571016
62	-96.01602286633634	-7.75162300142539	-26.44044415191536	15	2.0538576144790808	0.0002705093612765656	0.0003242206341033479
63	-110.41197602158077	57.74747093239439	-164.44091104361263	27	2.583017243511664	0.00038701591787987215	0.0003982577249035255
64	128.40074698542838	-32.540305302698066	120.88496273000199	20	1.7241331659161567	0.00029744973939775123	0.000193222343198113
65	-95.0645104499387	-22.77175270434032	-45.05480620959521	27	1.5477889173511257	0.00019876935747595856	0.00018041335795313782
66	-107.34160560311247	-47.56436852812749	142.83048863015833	16	2.776924666134829	0.0004964877887141367	0.00041954827470490314
67	156.0257999015301	53.019501112877876	-129.62665200364958	21	1.585958455800214	0.0003038280378203044	0.0003049052226357491
68	76.58643075678435	12.250209566600471	-76.64447496070599	15	2.3584143628340293	0.0002798426274780893	0.0003897700359042939
69	-0.9796400052812995	51.785652134059625	93.9656179343841	26	1.5691310971431007	0.00034027703777884596	0.0001739765959123402
70	-164.6329050164342	35.29886900216215	118.33478890794727	28	1.6912716834145434	0.000381184555373124	0.00047343064306770927
71	145.63827866382735	-21.593871988138684	151.48893312594325	18	1.5167895827613354	0.00038427326096358535	0.0003164892621356371
72	-51.14040417280337	-3.786801447035592	26.117940474210616	18	2.7462928660923245	0.00028912974369743887	0.00011284269558222944
73	-166.4727584894077	-18.079412302102543	-74.3717251387503	18	1.9397942661401293	0.00043869070745425917	0.00018640159092878414
74	34.403276489875516	-22.15567790336132	-138.16503599021777	28	2.6964122250120104	0.0004156330311942827	0.0002616477997466382
75	15.90808158045213	-34.659550709388434	-10.757914279914925	25	1.6783809306382798	0.0002344562671457694	0.00014136984399014206
76	-61.086143743462	27.445558679640015	55.116036883755484	29	2.5094123263672574	0.0004755780121538507	0.00011150434852308345
77	-76.04001013098087	-41.25221415270522	-154.03001662265757	17	2.807638948999262	0.00024089899119438034	0.00044577858629634933
78	-78.63816496961844	42.33045120682142	80.80381161343458	23	2.0004779472876297	0.0004429426331388514	0.0002963870912268971
79	58.657689493380744	39.432422969196914	22.426635601173448	28	1.9531902826428933	0.0003897726315190581	0.0004648737190202902
80	-67.31717555618422	-58.73976028095659	-116.62001033278707	17	2.87276851020913	0.00019462781249821373	0.00030669967200344693
81	-122.30062861161325	39.924301895310144	78.83835280018855	27	2.925117433563244	0.0003463932852073823	0.0003735831864069288
82	124.6116019716241	1.6026312419223694	152.18788880572848	17	1.9211694513191349	0.00018504652258976396	0.00033316150068913247
83	-28.432143843859677	-69.61514983459645	-22.48319083209592	25	2.181695274035709	0.0002672815542032088	0.00017517522339610014
84	-33.37387555400728	-19.34648715545237	-142.62946673002068	17	2.308179688637474	0.00038620046824842913	0.0003722711792012044
85	70.6594740195156	-3.4883652970613506	-136.93317170099962	18	2.4321014310755045	0.00023272430037947294	0.00018276579060750691
86	59.86947662258581	46.3880966424706	88.46128967150574	19	1.583267146770965	0.00016624947045497276	0.00046751064007029063
87	131.14910184515202	25.426656484578327	24.96904664914418	27	2.955471128499168	0.000372889537570126	0.0002511734718802454
88	-159.1370987600897	-24.1990083351315	172.1633583464207	16	2.143463505139149	0.0002845739427296273	0.0004794140332937574
89	-142.0800591498415	69.10640511326464	-30.641016156641083	15	2.4598645742203153	0.00041494095894759715	0.0002504423083384164
90	-67.36056991743398	-54.54459210773571	140.64204520156818	20	2.485371147401805	0.0003237362076332421	0.0003464602605592834
91	-0.3176595421587349	31.42999546455325	-14.668596867709935	22	1.7853055511829745	0.0003152209013602416	0.0002778006483638009
92	-123.10922033709429	10.525243906153937	-142.4786311930836	29	2.1813733309058527	0.000333033226242409	0.00029358518156531244
93	-8.333739220781705	-21.515725427476212	-13.40308600133359	20	2.3471475889142015	0.00043040230397353615	0.0004942324776702207
94	-108.75510855452913	-5.012116109370391	6.47587030311709	23	1.6648340352915179	0.0001754223056314016	0.00010886211551896483
95	-23.710337818715317	24.960921968190057	-35.337364370946844	24	2.3463878678582013	0.00023810865826936909	0.0004363300222523431
96	132.53085931228193	-53.72907009466298	-71.86710692878724	18	2.4518065578331263	0.0001944352433331888	0.00040185381128340946
97	54.89671618933816	29.544160026684523	129.66907749199117	18	2.735512724705798	0.000221555525532017	0.00016369046682755385
98	35.758497683505325	-4.952078284320798	124.11825780489546	29	2.373142469673311	0.0003567253502460776	0.00023263632367696168
99	-161.32060347684043	-13.56066162585252	-150.5541324617143	27	2.0702765454977223	0.00023982652059624678	0.00023841600142186689
