0	98.40256864348024	70.85697668857871	44.59554397303394	29	2.916510397672479	0.0009384363163112458	0.000940163392214318
1	16.717920285497545	-52.742663479149414	-123.14120456165443	21	1.9820254678827307	0.00094765106825965	0.0007332127467629004
2	-64.26618671838625	4.504942328945233	-169.47555713625457	28	2.5911205437849105	0.0006583170340060026	0.0007583786786198908
3	140.85276147175964	35.97242537423794	45.485218059119084	19	1.7900970069595192	0.0005545314019093756	0.000788424834487609
4	147.42328774103933	-11.821220980235474	88.48828921892947	27	1.6370475983734893	0.0005088538772967795	0.0006860468881494297
5	-105.05398428746781	0.5423868720133574	82.70929990365055	15	1.8616102741767215	0.0007064721575059995	0.0006111223966843909
6	-146.0136412090768	48.212288026908766	-78.64302347530864	24	1.9638882142994227	0.0006039501444063102	0.0007735479140497199
7	-102.95858873879587	-9.127183667159466	133.5149344109769	16	2.5335085883580506	0.0008207264166585223	0.000751817832895957
8	56.07617431971194	-3.3472096258929707	-124.1538506031707	22	2.159048052570882	0.0005979325780356739	0.0006867505875108841
9	136.13709239736738	-39.78392846384225	-129.12478526921882	29	2.4934330096172372	0.0007754182188264973	0.0005714804991737093
10	-27.576685999571104	-57.00513550865039	21.03749503000985	19	2.5118100403478056	0.0006394953779981795	0.0009304404639697815
11	-4.255997058540831	38.019423882031525	-29.516945979754407	18	2.883523637438348	0.000529796922339603	0.0005618861617335438
12	31.64031526854419	47.732666706597534	49.50908479615737	27	2.7373686267832307	0.0005201142577178958	0.0007465745995066729
13	-23.137955164136674	19.61354882597743	56.39529076744095	17	2.766585711132899	0.0009149873517413988	0.0005505150075150735
14	161.7413239009135	-78.13166033174079	147.60316307733981	16	2.529257420376899	0.0009458531738539952	0.0006751859313613328
15	-34.275990158810735	-53.635360009533095	31.749636414898912	23	2.0531588139936696	0.000955776221999112	0.0009688966659839378
16	-1.0902863058197887	-6.595345465326438	-3.146569858693342	15	2.147955053146213	0.0007004868329903533	0.0007511582827409914
17	151.40977971175369	52.58799867343247	177.14823067494382	23	1.7758201091201355	0.0007261748707226199	0.0009757557138655338
18	-117.49165242260344	47.81153420229682	41.81378046889025	22	2.3051250322752	0.0008435510619972214	0.0008452391229949615
19	-110.5938568887859	22.76553245094151	4.144255841141915	15	2.1271090002893485	0.0009779709392958326	0.0007816093710878647
20	57.99189945330513	-46.47016904329002	-78.96969626117648	22	2.8694830140952927	0.0005119372245302383	0.0008057368427311568
21	-92.92693080212845	-38.8800690376391	-129.19034530858477	28	2.400056743626644	0.0006175315441410457	0.0009566873565274691
22	17.9870128218288	40.00238372105906	37.60858289555627	25	1.8921602536372473	0.0009437720665375117	0.0005268671152447223
23	-49.92022467826489	37.42894907484364	175.04103283601833	20	2.963094515885552	0.000587511849775808	0.0007400445121159862
24	-163.85295815928114	-15.945859235289927	-55.010386507882366	19	2.662921545378344	0.0007801991409054515	0.0006337985498810273
25	127.77728038630576	-16.744868928284255	-84.68139886096935	27	1.5894953722365974	0.0005190572286439777	0.0009450122578516722
26	-0.20982155706422073	34.31293754345495	49.91941211728147	16	1.802010454164969	0.0009065394087932345	0.0007046104971888707
27	-151.2339157484256	4.389843462275355	117.4880981807373	23	1.685126326768791	0.000818516108623608	0.0005271291259427932
28	-142.05276673982593	-45.32278402329774	148.6992566564526	25	2.3284218012419293	0.0006493821453214543	0.0009437134845674633
29	136.4172753486786	3.4593710782804705	45.02028554514577	15	1.5676916855439154	0.0005119363993670952	0.0007502114218558031
30	-165.0185809551841	-15.12449646928367	49.423248414047215	22	2.722224659329035	0.0008186816759812588	0.0005906451007955221
31	-138.51160780600193	-38.52692340805489	95.27265357548083	24	2.177498395105736	0.0005725094230446186	0.0009427795022889803
32	-179.0557042254203	20.30418397134846	125.00124582956322	21	2.369913176704234	0.0005132806505139157	0.0007338818859721716
33	-118.52366716107696	36.45153731467666	37.439748267916535	28	1.5391859923743478	0.0005567119969305118	0.0007236284234028549
34	173.48185302080915	-30.038303158523213	101.61942749780134	28	2.5587181804032673	0.0006873161323189059	0.0005544903667644987
35	94.93667098121374	-40.26582079928738	165.36947310426763	22	2.1736223307540783	0.0005462550336611564	0.0005349267241825827
36	-94.58530430260359	25.70406430055407	76.28025663909459	15	1.671369138105693	0.0005891596772101289	0.0007949001603121113
37	-56.070871496900565	29.93296742057564	30.493299815782297	23	1.79036936883736	0.0009378957180110217	0.0009623990534466027
38	-172.39736920604213	21.844758096448082	-139.54811258070367	29	1.898586408343931	0.0009944361621520873	0.0007908162094203788
39	121.26908163761948	-2.926783337758318	-135.79148312656517	29	2.4836726440860253	0.0009324296517310231	0.0008175712463594994
40	44.092291313442885	-18.239204668581515	-109.30590253924932	22	2.191004260202078	0.0007409465844042401	0.0006427107717144295
41	113.00253430999072	41.802035958733256	109.32195356713633	29	2.3445805024720054	0.0006629541183006398	0.0007732018784166104
42	21.996312639254405	43.98761256681595	-133.63942726784205	19	2.6181992222694586	0.0007070215387932899	0.0005153135826575765
43	124.52799073671488	10.142603581395104	22.714628328061664	24	2.9053446752189744	0.0007621749410353039	0.00063798172064197
44	111.32160845411016	37.37376143754877	-146.21284487681442	22	1.8171360618127412	0.0008436938500637054	0.0006153441743705035
45	116.02023553259204	-59.25232024724373	-47.49227945134766	21	2.1289117501433696	0.0007069540552136872	0.0005578760627841104
46	70.88181288147018	-8.123384604946262	152.90444270870628	25	1.7436891646356318	0.0008142009125466184	0.0006308648516916264
47	-168.74173138439804	-21.53799750436587	-138.7912430234481	21	2.5253865298665765	0.0006037074657071016	0.0007869309142007979
48	66.57439494288711	59.02776500296005	-100.34094035699495	18	2.1580932710970995	0.0005684867672819825	0.0009460734526773624
49	54.66225881563287	50.341847886042004	-108.91561802683741	25	2.6681911303220787	0.0009214791768997393	0.0006755046191702365
50	-126.13446204028727	25.707633236450377	106.50256719502829	19	1.58360762029801	0.0007720751985755178	0.000658284310056899
51	-84.75371038890725	-23.89703311072239	-127.589590470217	22	2.83122549814079	0.0005831974689409792	0.0009133561749976633
52	159.87467882968255	-23.7481926036265	-16.623124144265514	23	2.9179056182776155	0.0009413791929680104	0.000627152583450493
53	23.915037190533923	-34.26348377844146	9.95091508994854	27	2.16148208008355	0.000920666810275708	0.000547479238593778
54	-79.11313714531978	74.36132942151353	-27.910959414786625	27	2.73634557327118	0.0008482304439867169	0.0009464982936193578
55	31.158832070156137	9.71746531038361	143.64408490377042	29	2.624744583944144	0.0006262629817091451	0.0005384737275010102
56	41.732189375712686	25.49412577425038	68.4928274248531	20	2.1886383482020557	0.0006466433131214023	0.0007648209492616241
57	-12.643717978232011	68.78597991213414	-10.948336873584873	24	1.5065343346015183	0.0006477179018820645	0.0006310372800587139
58	47.47476763092636	3.635337350947378	-105.80491903787998	15	2.631874309752378	0.000827983683467777	0.0008309329759380152
59	151.15114787360238	-3.034942455538555	-74.8599573606119	19	1.6510053193723804	0.0005577961507161294	0.0007535720942506827
60	-29.246475930012764	-50.05926807825137	147.72826708831246	19	2.115198331698265	0.0009987275317537136	0.0005912449231048921
61	-48.20876817298724	11.798199987640762	17.033625632177873	26	2.703314274642266	0.0008189858518648004	0.0006279239352384255
62	169.50583384674027	62.71509798166161	69.43619072871263	29	2.2477588487650055	0.000923123374814927	0.0007623930404628888
63	-78.06206187200445	-41.12219234077097	15.5449939249364	26	2.2714476532998633	0.0009843993258390159	0.0005206075033886503
64	-161.49377327037936	-28.084994689606432	-41.78973916275057	27	2.9259542718337177	0.0009845507126831064	0.0008624754843969548
65	-171.7683793935574	32.88053893037228	-41.03474247350941	19	1.9108792484510393	0.0008456109720865572	0.0009820146071888394
66	125.8384245396226	33.31093757735943	-110.79370696024183	28	2.1094508398041802	0.0006873064446934025	0.0005064775281512029
67	77.38390154410266	68.88181977114839	90.31757582469369	20	1.6283197470511341	0.000558657263480052	0.0005140132253812067
68	-124.52981123356386	19.261781990541508	110.57036763533891	18	2.5014112048342882	0.000809320394750131	0.0005226070848127536
69	-73.94466000391698	36.18205168752825	-41.86608921372704	16	1.5895492960084803	0.0005608701702022811	0.0005540204550379362
70	-177.165935590271	59.65143514003447	-132.04116348323444	15	1.8220523697644075	0.000812114385749869	0.0007656815329212892
71	32.44267787884628	13.602953276086842	80.33561838309583	27	2.587214538692843	0.0008652406550034547	0.0007986627571170033
72	32.02769100815194	1.3408435219468096	-13.476400345192326	15	2.8003433123536805	0.0008255274472770222	0.000946775448914048
73	-138.12013313230185	-18.744220692810927	45.94173847265431	15	2.1536449809779112	0.0005755070961584717	0.0008468520401479021
74	28.223408521839158	48.17461113405807	143.18380039340028	15	2.872735047665394	0.0009244477400844812	0.0007318014468177805
75	169.61963356959978	-44.02540921469624	-76.83496332634905	24	1.9215848994765836	0.0005854889421478316	0.0009168856248121058
76	-17.39369679182332	-16.83232564582595	-3.5294109053050793	22	2.1388962678676258	0.0008888207268535348	0.0007615863234400743
77	-1.4887742205269237	-6.618412918047543	115.6229546870671	26	2.5565882948137872	0.0005275868121017507	0.0008778225364375297
78	-156.44430663362917	-7.284957920792379	94.72646690088604	23	2.4033897811900706	0.0008967292735952365	0.0009124148137344657
79	-40.34253710000774	10.323731891233546	-158.9134487696065	22	2.40839094927804	0.0009086294451716657	0.0005813721297775931
80	-89.35962771986935	34.09420358556289	-26.652861988284293	29	2.974043764333567	0.0006659980270109793	0.0009998292832581524
81	-20.25915435959059	-57.82781710392209	-23.50424653063305	27	2.0927385573643806	0.0007573220845992058	0.0007776997109073966
82	61.014541419073716	-16.09670781017315	-178.7761691859043	21	2.3773207113368873	0.0008709148637244055	0.0007940978519684386
83	39.59696835768745	12.751950527964752	-10.871707786475802	27	2.621294895170978	0.0005272890782973147	0.0009176091741763032
84	-165.88216634674268	21.679902529240383	178.47207598215337	28	1.5990137590251952	0.0009333640476292183	0.0006064453485219245
85	15.239950950280535	-45.06772360809216	137.56011532432083	20	2.1000075689806237	0.0006023307780225562	0.0005606244059376709
86	56.59479927160243	-38.59200295742278	-116.16425634038833	26	2.6849937938669544	0.0008929632061615432	0.0005689915780637199
87	-138.80053561213938	-10.150906374412333	-112.80976042541228	25	1.5733049791324214	0.0009183989404111111	0.0006017490618413253
88	-10.719504918946626	51.38281033599446	-152.4046169417338	25	2.0913115218617477	0.0008275710615204632	0.0007894294591231676
89	-109.94767780368161	-65.21792976413778	81.42741553910477	25	2.2719981661526347	0.0009615624105908389	0.0005851462662463391
90	156.6792623196364	-24.828968827100873	-3.204810826990928	18	1.8636358258992904	0.0009392530652751337	0.0009639901974151143
91	-115.15887519271911	21.401795879276214	134.10116796459164	21	1.5447872477661422	0.0006869406439567224	0.0006150102283206324
92	-57.32932578299353	-29.89759675013522	-92.49458180092253	15	1.9809248199102276	0.000919657373054196	0.0008427738843330197
93	77.26662903341389	21.772583783816007	-91.25934110367257	17	2.2935572108514575	0.0006841737075027078	0.0006757811803280378
94	-143.90367822067495	13.245451375249177	8.189935448357431	28	2.5177081590020647	0.0008443606718429857	0.0008258229335722713
95	10.04366977044666	-4.11147789341658	175.83017400879075	27	2.0656953402523666	0.0005684927722458166	0.000628549624448917
96	-79.57622086150751	-64.01526815796882	53.1910479372586	24	1.6919909122060217	0.0008496357650714132	0.0008248120548810629
97	57.68690962674249	-26.020076614060528	-126.04545402055504	29	2.4098165465043655	0.000912909723672164	0.0006191565148347051
98	-148.7883050886066	9.54578604540615	-62.981680539670414	19	1.5761505972611718	0.0008179467360107889	0.0005503536113782162
99	-99.40329106559011	4.9074891104055	163.03781840432634	16	2.233173899469759	0.0009712423476615668	0.0007290071885682132
0	-148.3740828427758	-17.87370781929411	-131.5896094640022	15	2.0577919284307216	0.0009383349443477255	0.0008580035367490471
1	118.4624573350175	71.25599086226566	35.28404760659961	27	1.9797065320028358	0.0009701257650505599	0.0005949707922367183
2	-144.12071801262985	-57.20743667053738	136.04980957700826	21	2.3567636675884143	0.0005774914843076576	0.0009288217524121456
3	-179.99955155184742	-50.893053593464195	24.33544723761647	19	1.675328297084732	0.0006245795282522955	0.0009345469977049521
4	-80.83879744655239	-67.58211141803476	178.06333084494437	24	1.6512904341821977	0.0005669454383568405	0.0007925432682613425
5	-138.37418899174392	-13.935459550855764	144.21308640486933	18	2.0442112853398724	0.0007274500580503963	0.0008343719639434194
6	-140.43260909472724	50.688281529452475	32.225528573603036	25	2.0709002185353813	0.0008480764103953582	0.0009887988871330748
7	-81.91726230313313	26.597248770256886	113.01199854998991	28	1.6978772912809705	0.0007087514361096843	0.0006056193917148465
8	5.449315091374504	20.342094953335174	-86.58146915297777	22	1.7742191663658549	0.0006109215446921741	0.0008192242457428351
9	81.69283546307415	-66.4323348847924	17.147750292029716	16	2.0385700185371847	0.0006577199955740884	0.0006278330023684308
10	-162.98413431351668	-1.927300607499237	-179.16079271685612	28	2.1614187484919043	0.0007363544888167198	0.0006076614880840247
11	-117.7063399674797	44.88419127680506	113.07314889793207	27	1.5435382591960518	0.0005507586705016704	0.0005051928247199179
12	-105.2565886857443	35.17253078106103	-21.103546206971917	27	1.8629902120411876	0.000539663166590592	0.0005992435753639336
13	-129.95591874971626	-61.636115210290185	-1.5930050990019569	22	2.498001267872759	0.0009445281835098417	0.0009825639729658872
14	128.08853314744974	-15.750313837105764	-43.59067550560997	16	2.0153839082836296	0.0007719038609129937	0.0006328967156377483
15	-23.32503168157914	21.23190087584356	-168.95534831684776	25	2.9949142784850062	0.0006342827066921971	0.0007164398102475417
16	178.99038099819163	-34.72716219857789	32.98347730365909	27	2.036041258303271	0.0007016360978126261	0.0006498052143227315
17	-71.59060871971127	-18.3324084743415	-67.15392444084425	15	2.2777453693619005	0.0007716745202356729	0.0005274975657855704
18	129.32451589383814	-12.053746644293364	-103.62162620681065	29	1.9092665657527406	0.0005625705180077613	0.0008684979855083853
19	-134.70256795202653	16.94865569655028	-179.50239977904087	20	2.3472246541583575	0.0008601760987071289	0.0006494334766256181
20	-120.0548100452956	-24.304976212198174	176.74926164128632	28	1.6456508364001887	0.0006824632182508867	0.0009976254046824154
21	-95.00504801155381	12.78858363729525	110.8319153268078	28	2.3629565479384507	0.0006555289707098843	0.0005912359652918387
22	178.1693290097459	63.52129403115288	128.03444865495274	19	2.2265598022100512	0.0005603620246409575	0.0008409112036298729
23	91.82391447827398	59.93055578635274	114.97908180404303	28	2.9196758706486383	0.000829655735340371	0.000759435974267246
24	-82.18940686083393	7.913620870945244	149.11145938215265	22	2.7226097702732757	0.0007951306030538732	0.0006655675800461883
25	-172.05555858136773	-6.820042817154602	119.37399156188138	26	2.871820324185795	0.0009522507517926289	0.0006654034096495443
26	163.61753714081493	7.822075298906637	137.2617622989872	24	1.5576355987385035	0.0007784297700959412	0.0008587325794740014
27	-14.758493948388837	-3.076475984375738	-108.67901451590377	20	2.9345999399563083	0.0006278206512509009	0.000824022322296688
28	39.85844181959644	41.564583726726994	78.25017704783896	24	2.836672058142381	0.0008887257967327649	0.0006000540864587515
29	-50.9799250869238	14.206369397666471	100.94492870320325	20	1.7247623585665095	0.0007244924171451153	0.0008263636789086213
30	-57.00144285468337	3.6553785172039666	-155.97943945356928	17	2.113870120088278	0.0006264004094709754	0.0009890008052783595
31	15.49481994248216	-46.0196225131787	10.977863997119718	25	1.921232297540794	0.0009037798766152761	0.0008696922305494614
32	-3.2784964942158967	77.50751494629323	162.33785096205932	22	1.619015912421283	0.0009769129322354459	0.0007018749044866161
33	-161.46732691768673	-25.701507954857693	-55.114908175161304	28	2.3374216993632047	0.0008564438176393923	0.0005901135222348836
34	51.188964014382535	-6.608378763517455	147.78555649921245	27	2.3233375543399086	0.0007394678879021791	0.0008993960329997934
35	-35.88242318760656	21.956261286273847	-83.80605567196878	20	2.758891756156769	0.0007358697727722205	0.000658771926814175
36	24.94584155289292	58.08942515340792	-151.7780037820633	18	2.1522675827891664	0.0006945323690006348	0.0008022397003674547
37	99.55308610241396	-19.341134165859366	154.69426701713354	18	2.4647105848358044	0.0009985478582665	0.0007864858876140369
38	-47.14309783584876	-44.05317830282752	89.2411473276676	15	1.705012824925826	0.0006316550805485686	0.0006253636819296929
39	-18.167124523672797	30.64748002195897	107.46241772595064	18	1.7377228843052344	0.0007873027803962762	0.0009352339249081671
40	112.87384536066034	-67.1625216962542	-109.78670756901047	26	2.812829214787225	0.0006010948485611627	0.0005468581049048425
41	55.34383398163028	22.45004330897652	149.15832794647048	15	1.6100610688009787	0.000522050382807429	0.0005595574985918498
42	143.431625197059	-59.97858705393321	-29.136373523352578	20	2.3929428243229505	0.0007180900205622409	0.0008369686976491032
43	-114.46247671641291	-52.05053178850523	-80.6559717316553	18	2.4073011536559985	0.0007276390335271257	0.0005571581953681023
44	80.91626177753189	70.88422617122463	169.29269391688098	22	2.928795224784289	0.0007424237414619113	0.00056794897311428
45	-178.55719895631762	7.2811404177843375	-42.15755686533796	15	1.500342188132688	0.00061736596658648	0.0005850623920029635
46	28.21237415077064	-60.94813963527826	151.34669070441126	29	2.088717781886858	0.0005800571286174104	0.0009780512887926894
47	-87.0685502477354	-49.29389402078628	154.17015350177834	23	2.2974768836157122	0.0007691181722236735	0.0005586870213986132
48	94.64350790555405	-45.40180305036917	50.59422083487059	28	2.176060635985225	0.0007238170410734607	0.0006956634601432638
49	-131.34637330260688	-47.4322917253968	57.756116933234736	24	2.185130900530878	0.000632160257959332	0.0007529523660245632
50	176.76688278837713	38.27045892190223	-158.89131310742982	27	2.827230258329965	0.0005091826989313151	0.0009270155350447804
51	114.40632700377051	31.4220129420799	165.69420854561923	18	2.7488955913249864	0.0006961293363601781	0.0005045634401129091
52	179.43008471319035	11.890591221282296	-4.0034641096993075	27	2.809601151539371	0.0005393029039905745	0.0008876806092979487
53	75.28517159845941	-38.85259387506598	97.48274931178213	22	2.716168682819135	0.0006468369812085999	0.0009411985793837532
54	139.96530268130985	2.725102521786157	-2.1278620257212117	28	2.667339947536661	0.0008723986688013972	0.0008346959248763134
55	158.99703876476966	-54.54128337833218	-100.65695349614175	22	2.7290457781703052	0.0009831720039087462	0.0008631336414233895
56	129.08390399332814	-31.577415510728912	-124.50171001560953	21	2.7108185106233096	0.0008487889864402411	0.000648194636178164
57	150.14290266329738	-8.882505839531953	10.636898124268566	25	2.2873097188636926	0.0008100580244150783	0.0007485847095290274
58	-82.86105501948185	-28.97415495425511	-177.22707846193615	27	1.6548215488691351	0.000893368982113931	0.0005606357643171147
59	6.796450348654439	3.064025298393	-137.71323297768464	17	2.6135938970235846	0.0005310684372174037	0.0008042238981862521
60	175.8097507269643	27.135524768847095	151.35896291826435	17	2.3984022610372664	0.0008938049054537557	0.0009144373864738199
61	3.073534734232453	-26.160722745840893	-115.73791702448911	16	2.5365155332496436	0.0009245112814290175	0.0008137250844102986
62	51.81469300564057	43.12184141980702	-38.311105780885434	25	1.8368766004887227	0.0005687146402573233	0.0008848987352495563
63	77.31156902945757	-30.373874120887784	-121.94090050829452	19	2.2326323744745515	0.0006520764867637116	0.0009391240892940783
64	-107.95408853422919	-20.36740149924354	-108.24583788034397	22	1.9142636919800347	0.0008169985300850142	0.000585572256911744
65	6.309398709289373	34.735320239936485	-33.06790310511829	25	1.5396598265225545	0.0006042246224778377	0.0005774958626045388
66	153.7992430027771	52.52265210044904	158.1746215269616	19	2.9655204220599454	0.0007808224644699903	0.0007037383394729769
67	-6.379495688063595	-31.785912788352615	-53.85413882429383	16	1.6073723102821664	0.000948495753002571	0.0006008057923228956
68	160.48883842569668	6.0365819742249025	120.45146671268975	22	2.592871350246671	0.000921335229079465	0.000890335393765807
69	-51.66671422644518	11.283652503330536	109.47926327274696	16	2.64468754440055	0.0009117256405264812	0.0008339159091939264
70	-78.78471585229727	-65.27513201405384	-100.0945080962977	16	2.6400596502116684	0.0006269316724397578	0.0009773449969045199
71	87.55777694520786	-33.77805104885666	122.10459249590028	21	1.691657398818053	0.0008153566378121651	0.0008394330894395511
72	-36.40809805284218	-63.22886037200514	-69.5005308495014	15	2.7710250614402874	0.0008614196045486932	0.0005468163322883985
73	-72.06420591470874	-35.57243084843989	120.4481219000775	21	2.185416686313938	0.0009771423930329064	0.0009820294079225167
74	160.30210660498838	54.7798878549984	88.96040670651607	18	1.7081390667359972	0.0008137917165334972	0.0007958245089074636
75	-151.49751680731023	-53.79502795575355	45.88036316991689	19	2.080645389815356	0.0006622382234635598	0.0007618312142688884
76	-8.891632059486605	-7.910585970748861	-103.14014549646518	23	2.885442404035746	0.0006156322902257119	0.0007890544278998149
77	62.809881607117866	15.149070232959154	22.514131935799767	21	2.2958849127159358	0.000542975233818219	0.0009870930447733795
78	-83.9826106465139	54.364874641214094	-7.155556835575211	15	1.6513105785623077	0.00098074368546893	0.0009266614628238305
79	50.75487951651162	53.092613702625165	157.11174319289404	17	2.2742164766377773	0.0008588541805869516	0.0009627600955945692
80	-130.4202233847913	-23.677892886507152	-9.941623550523056	17	2.2501833370258035	0.0007609271675278635	0.0008184692744619749
81	-136.9880765140232	-82.21169985541529	-75.79410589142363	23	1.913153599576571	0.000960084692555891	0.0006709131720487414
82	-133.0375508877483	0.9500124749474876	17.44372032390906	18	2.0224386831760723	0.0006379025106197245	0.000564885717754216
83	-169.76051451657545	-30.465776642162556	131.82847265886303	25	2.69251022611403	0.0005897429748866961	0.0005025042051997016
84	138.8915445227992	32.97527854816441	149.51419016167668	19	2.0044383222200883	0.0009489508198468743	0.0008994043358850457
85	38.88089467516704	25.46699311831168	-22.45524861609056	16	2.5109563311562826	0.0005334264027513527	0.0008740937082279637
86	166.01464846808574	-71.58652079362768	-83.68778690244226	25	2.5244595202406943	0.0008345938677947558	0.0008041457617319536
87	-46.02371720865656	35.634382976336575	-64.92790307623986	16	2.8509119965383363	0.0008207499221524534	0.0006626371789454571
88	-39.44844330208267	0.021044852632168525	108.82396989187176	28	2.0458902694348993	0.0007330184179128313	0.0007497545143085333
89	-29.40054155520827	-41.28315685876747	85.44784053716353	26	2.927833721636424	0.0005088259012287139	0.0005521452945032907
90	-120.52046537216728	-42.089534294533436	-4.744894873192748	20	2.023582654889167	0.0009282109256791194	0.0006534239800135578
91	174.8559348534099	-18.1361911549346	2.245790361739203	21	1.5327370213503178	0.0006537663677118071	0.0009140466861372921
92	-171.66133205824053	-22.13724983278492	-7.0980327723221075	20	2.3050833187199764	0.0008980789779151078	0.0007403964432538974
93	98.3168719502613	-75.19393199509005	-26.763004580576453	25	1.6575700421978685	0.0005894836687897245	0.0006849881805723729
94	-89.2876608000082	-1.2800131489467752	114.58018398432499	27	1.5949632565309417	0.0005301619877364718	0.0008871171901975647
95	-128.04146991639985	6.860548423283883	-21.120129318079567	22	2.2554747781583875	0.0006528910616360665	0.0005129889549521177
96	73.55667216660723	49.774687329321	-39.11326076323501	23	2.4503939220217856	0.0007213938423988014	0.0007404264290818904
97	-72.18391361647697	27.017399624103433	10.036472054608259	15	2.876880564051256	0.0008426533100898569	0.0005860774156228161
98	-58.44916606455493	-32.41904490744002	43.19443397770395	20	2.427059651687673	0.000849060101170771	0.0005578917756569721
99	-157.13584615440456	-52.61330452732368	171.87793692139277	27	2.8100049115419843	0.0009313555153282853	0.0006219698629177694
0	170.12082212257388	55.74892682641918	82.22376619252913	20	2.6676981763245182	0.0004652036604218404	0.00033807851541624106
1	96.22934509341071	15.182509041596886	162.5758769370698	29	2.786181077808875	0.00016635371315688896	0.00019175068908851783
2	-122.880760737591	20.554973297092317	-34.81972089322193	20	1.9659854725041241	0.00039276271824511345	0.000410478668283914
3	147.95182102104104	-17.17855656277637	-169.53139134163692	29	2.0325175140624276	0.000427068101458884	0.00017247573695886856
4	-15.676679251243836	25.150275512054005	-94.77469902642137	26	2.82969021862625	0.00025009454200802523	0.0004306618834816084
5	-77.84058494851422	-65.17104651027533	-64.45428583480995	27	2.8194567627815443	0.00016667852898378973	0.00022620046762537388
6	-92.14235769511515	24.862133692785193	171.80695986026896	20	1.9106091995327814	0.00035354198259334466	0.00018801524319943225
7	95.76283091031233	-31.302922809073603	67.88340339707946	20	2.77511403688189	0.00019713313669361064	0.00024969235954454375
8	-49.678998823458976	-1.9822412057706311	-78.77798928867608	15	2.909994157930387	0.0004403655177584561	0.00026058866874828827
9	39.02399722718026	55.88944776580378	39.37358217434278	23	2.584323568535897	0.00047012319367775555	0.00020587073476027224
10	-154.57921414398862	19.93123393931886	166.5817234486965	25	1.559602028448277	0.00018069968736197163	0.00045902739526619855
11	-97.68671653202628	-46.28324943304892	-70.60145740836649	22	2.218146777406197	0.0004060356758605349	0.00048029976158217184
12	-29.587381122711918	13.19587747741922	105.20918771046175	22	2.0784528063299126	0.0003377317911701794	0.0004905042904781118
13	163.56057147446083	22.20685984656654	62.22774367434874	17	2.8386430751620146	0.0004573601108350794	0.00039596155188954954
14	-36.79022238833778	-22.645450764780154	14.462487961694885	15	2.4459037335828744	0.0002058520598222495	0.00035387028394256125
15	31.229335445074298	-29.126211108851066	35.635294030237716	28	2.3404224635869086	0.00011515421588738405	0.00033016098110357265
16	-0.39696803013771076	21.27976583474131	178.85588483356037	16	2.6855343321954903	0.00031942382190658185	0.0004701719608414941
17	-148.1621978564889	-38.56832375358982	-2.2572680402165344	29	2.795421284547471	0.00036997679950615084	0.0003712402663176094
18	83.21217603330932	2.7283817508961423	-38.30391779857823	18	2.933102683093015	0.00038138732119812226	0.00027827424761439905
19	65.34643436910939	-17.51336935869715	38.430469986718315	26	1.5700121413922163	0.00025029281995252536	0.00012124464356543652
20	130.0806302458661	73.55439472452915	18.373865375267112	22	1.5931869927449231	0.00041837575829875817	0.0003350815936534023
21	173.2151214361937	56.078340563884794	8.272945109290097	24	2.5912329096260613	0.00020975599670385617	0.00012467294368768652
22	178.60167558221508	72.60230991059572	130.6260964814142	19	2.880889562348413	0.00046221356347349817	0.00038441688391081526
23	-148.3468396484588	-44.36125681329264	-71.69514695891839	27	2.6065641761959486	0.0001548212685879766	0.0002168143738284779
24	-153.9741268665796	2.1244205109433123	34.37737037061537	19	1.9331067325117708	0.0002705798935068884	0.00039283728558284
25	-114.97249544794867	-27.784399628711004	59.39683339009525	17	2.639022637273603	0.00046551609410169304	0.000120993220029236
26	140.02642619048845	-59.21572017238534	-10.398101690011128	25	1.64393530972018	0.00029938985652931796	0.00024285222040047098
27	57.168879006486485	-53.34780753708591	154.6141468855585	23	1.9717506119938109	0.0001203090639872179	0.000377364147075111
28	-4.765580654386616	18.387222871123882	-57.26138067842618	17	1.5358484786701807	0.00023431679917702982	0.0003446668521531476
29	-160.02022278535293	27.88437688605777	-173.056524066412	23	2.6823892684958355	0.00046054891218569386	0.00042578773501158985
30	-140.78060497095572	-62.64595362918098	-102.49805917579525	25	2.6780676663464082	0.0001460703432168854	0.0003014958991187922
31	-67.83451071029666	12.342585926648093	177.88231828426754	18	2.032957025990201	0.0004831381598616678	0.0003189759181646096
32	36.75393663101284	-11.639197016166928	-160.4323670837323	20	2.0254408166798665	0.0002912601589026406	0.00034047428132340306
33	-148.0800482167363	-3.945537881879728	134.12079510076646	15	1.7487914390584511	0.00016037271790550538	0.00020467535799381854
34	151.99677251742884	-49.18753990029839	31.444265895148693	16	2.7212076586831255	0.0002469862808024424	0.00030445285468334003
35	-68.93573008885564	52.582252694366225	45.006259667824686	24	1.6781983071740731	0.0003518654726400829	0.00045633450830598224
36	156.00600867911223	-19.923520357130833	-56.06337114007952	16	2.75851443080522	0.00032850809763508224	0.00032920226239609553
37	-28.44442651771987	-17.823266576729605	48.45848628089529	18	1.5262044648499664	0.00022059935703548612	0.0003925565289276692
38	-33.59743724107284	-33.93263720857854	-131.30674051877034	16	2.2222742294253606	0.00038028926580957115	0.0004382206592878953
39	36.68188118744896	41.54619863527489	12.053383507472203	28	2.232885717857454	0.0002920044020407786	0.0003221648472881128
40	-131.4795116879503	54.83982490315109	-161.8515493387851	26	2.742368073172979	0.00020602741238602324	0.0003572799735657516
41	80.744502915212	24.826118510058816	52.47445532611083	23	1.7482348195005437	0.0003780190931852675	0.00019173945444114489
42	-81.74356991349558	-72.58269676951403	-139.9470209180733	28	1.570625422562663	0.0004342655862048179	0.0004748698063327541
43	41.682206063630645	28.133611334756445	74.13835089324752	15	2.201989238942075	0.0002961721599891941	0.0004115710613962189
44	-131.01837060020856	-48.63558003923516	150.4354706240579	25	2.6245528125641573	0.0003364602780373477	0.0004887350598077411
45	30.362601739810096	-57.71045254288017	105.8575816221805	15	1.6011307842665687	0.00047812166067955444	0.0003280156021969481
46	145.6553067988374	28.35889141078979	-114.23601965759707	27	2.9581515528455613	0.0003953570377126291	0.00018918586478042362
47	-86.78486664445369	10.066490632181411	-156.78846618824787	17	1.575734874617382	0.0004648895167718288	0.0003497387221041044
48	144.58697344884567	-44.147355263551596	-60.09976948416785	19	2.277743388271085	0.0001280205901338379	0.0002834715404276858
49	92.26195719794433	10.63610024838898	48.96707994989408	23	2.3988761024888645	0.0001479814690173074	0.000492439663920911
50	1.6198167163954713	44.3716361618184	70.95680871276554	27	2.454058669266333	0.0003687763786761191	0.0002352852227054899
51	58.62787745839098	64.03871013065874	-100.94666441431974	27	1.9634095936252387	0.00043811242668132894	0.0003610221662339575
52	-68.01357991918587	-16.55842279383486	-2.6940600575008755	16	2.4887476214560262	0.00028727623740242166	0.00012720219861953264
53	12.38684515002352	-19.296670277856318	-22.628587514153242	15	2.14779493806801	0.0004147828734003036	0.00033821002457630055
54	-146.91150508430442	50.131299800262084	-30.8956932674215	16	1.559005213646462	0.00035293194305728234	0.00010338676117196911
55	58.881292983961394	-0.9090907210775248	-95.64565396101453	27	2.694785159888697	0.00030037165151997156	0.0004465656603178082
56	-18.727263409812927	30.296750829579786	168.04020400334298	29	1.7214646997673226	0.0003606018268530088	0.00040143731652179053
57	-137.5133337382697	21.89869634087155	75.56945690555717	22	2.419859036670181	0.0002587129286650677	0.00012557310004840524
58	65.28419521368673	4.563033422664221	92.61099253776206	27	1.687411022222995	0.0002769297044730426	0.0001914009302504575
59	134.9898169140449	-9.405468927843811	136.33128362935352	25	2.2351627443702164	0.0003229377280131006	0.00048545439266427053
60	107.58572129299691	29.30052068045606	-79.78179263585149	22	2.3836877969068606	0.0004481628911267692	0.0004695176221402256
61	92.21553045964586	-32.565091953299174	-12.069603093621652	23	2.2648101634946576	0.0001760503033496106	0.00041466822682210513
62	-128.4930448907455	-33.653402812573056	-167.78500120933168	22	1.8512255665640334	0.00045265517945244834	0.00048210781822036316
63	-39.89249684983289	17.17533682032571	-87.82122548846334	26	2.690871785565953	0.00047810431481361076	0.0004220411652778922
64	168.08550814583498	-2.592492235788937	36.79217777958787	19	1.9201211332450931	0.0003342916466098228	0.00015914562565381112
65	108.86008280907431	-15.377789051813215	112.79025625594176	17	2.6294311617765365	0.00030315110069433697	0.00011145392899688199
66	-117.09243108176764	-62.24405271287918	-42.01771839153758	21	2.3816507143923316	0.0002982605259326785	0.00037589593789024556
67	3.424739992472824	56.73207646438146	63.89241224984919	17	2.5021290683997535	0.0003546071167537676	0.0002565296399233231
68	116.63023750112923	-19.823571955049037	85.28221337487884	19	1.8235859778022276	0.00038636089173141487	0.00022376823705069315
69	93.52345000678815	-50.7985315596532	164.83069927143146	25	1.5758628478365422	0.00015589568486335344	0.00017832603332590912
70	167.09295684600582	-10.610393541036109	-64.76948517876674	26	2.687543805240374	0.0003682073846946866	0.00033683573925378585
71	7.9509180852461645	8.626113660245604	-173.99467176633274	29	2.1597107724812252	0.0004678232992442799	0.0004464473358622808
72	-120.32506771463612	-14.543686671177252	93.46892145400712	28	2.001484721217772	0.00032465883628383864	0.00017135608452359684
73	88.44059353500478	-44.45614412206793	8.46428313217481	16	1.6033005844061243	0.00028798752388226604	0.0001628095677592615
74	-21.461564358248168	7.39093495596437	68.99748706520552	29	2.320633975904111	0.00016751088830604992	0.00023676758953338942
75	65.33281754731682	24.306110031401186	30.43750256698566	15	2.7513450300609965	0.00044271515164024365	0.00010073365723811667
76	-44.45266377098719	-82.8140765823453	40.67692016506059	19	2.178904686340071	0.00021841052840854445	0.0002853080968327871
77	-135.91095779265683	-10.141175168680112	22.08472777884158	20	2.6076315401071275	0.0003637147820991565	0.0002597966366738459
78	31.690083499714863	77.4236076483144	29.87504110593545	15	1.8324304267062572	0.00013679361783772734	0.0001208686366403665
79	-71.11223892900055	45.724423027306706	-42.533377766764204	19	2.517917907365413	0.00042120845622400623	0.00031207170096880484
80	-100.13580834773194	-23.956981489728246	162.35731080535723	25	1.8956228128745989	0.00048366893596285673	0.00025491910585573866
81	99.63057753872394	45.90214982917915	156.9005755665235	29	2.0185832947426596	0.0004704392182658777	0.0002341471350783402
82	-131.2792669325484	-14.71209062027528	-32.51611316270936	24	1.6237283742687925	0.00035225467068250165	0.0003229842940486679
83	-82.48490844656145	26.756577170521307	-83.36044341646009	18	1.970240419172934	0.00018825460342907125	0.00022268528805190793
84	78.77300719675169	-44.177698515684014	70.46470800681344	25	2.6098626270217675	0.0004534324049263175	0.00011960804946911077
85	78.80416917991117	-37.306599416454205	-35.90095808775943	28	2.5395346275983557	0.00013161599315494296	0.00017064136127262035
86	-116.00082771042442	-4.775978691780469	53.637491961625486	20	2.7903206093713795	0.0001319017133573609	0.0004886664042433062
87	67.17990683702972	-36.18136180320471	90.03757846879016	15	1.7403721419936449	0.00025843439911511274	0.00025809194010375147
88	-151.4720368153295	-52.97925473990859	126.20766526212488	27	2.6003088568855324	0.00028716517046758095	0.000373172451261139
89	-41.01493117559994	-28.57411535123441	-159.77163174666836	19	2.321385645080061	0.00010652629526602302	0.0002872396932902081
90	-166.8357530835645	40.969380809517844	124.57398683107033	18	2.610601095005057	0.00022737873487018665	0.0004866220914685162
91	-100.21174619498758	-9.177947608628532	-134.86002952678533	18	2.3674702427739778	0.00042718770942859626	0.00042313670730760686
92	148.10180066879767	74.94305479841424	76.84884891511254	16	2.571244343659997	0.00021292263939756868	0.00022086529855918144
93	-95.65313735472961	63.5759288207167	27.859199036223043	23	2.7221266213453132	0.0002474780359473032	0.00046350670503407163
94	-124.67836474947336	-16.740101427416782	-95.48593707323738	24	2.8379705813875122	0.0001387994597243198	0.0002938521140347219
95	-33.07363897885409	20.09408481496564	-113.62584647162927	22	2.115637538768234	0.00021785228220758753	0.00021510277482973607
96	-104.67138193753478	-8.065592937276309	161.16696327518696	24	1.6787533529726737	0.00041685820841163575	0.00038150587368335036
97	-167.13164556065882	-40.61171068032996	57.74928664706442	23	1.9590820355967735	0.0004133753863190158	0.0004443583131064666
98	-14.983473926906722	-22.137280663584967	-136.7536593519093	22	2.65821886045534	0.00034008288764995415	0.00012526525512543667
99	62.91877907958428	-12.168344931397828	-22.046447807068464	27	2.946211092302697	0.00022441728171294212	0.00043964339839184564
0	-110.26653413891998	-57.85790598882734	158.8899320907941	15	2.4750314961400304	0.0002569542169079979	0.00022082488152381358
1	91.78965221875711	70.9562917944677	36.77050792264346	22	2.378007610185425	0.0004373688984690492	0.00010303982123488882
2	-179.93726196513794	-4.8705417429751074	-6.258082417815523	17	2.126266486411099	0.0004636589843344111	0.0003552247621786343
3	45.22347435743203	-10.178869270104475	-77.49206501022566	25	1.7276271215508157	0.0004570598602246332	0.0002975292140146045
4	122.66050453081388	-42.43576491543754	-54.54128699698788	20	2.5288581032137047	0.00027079704054507265	0.0004795281982333054
5	-50.07645748688914	-45.6969055030489	-51.396405765180624	28	1.9571343056617039	0.0001969603454942533	0.000268766247212975
6	154.4920205948893	-13.235611689218397	78.79818847901818	19	2.6065313392894534	0.00018719221341234626	0.00035702712877890507
7	147.86085795438152	2.1993876681318083	-34.58014605344122	15	2.175333682517561	0.00027425026988480013	0.0001340361377689935
8	3.129234130805725	-24.92898975622969	114.0733656736948	27	1.6260507637588548	0.00036638661014996117	0.0002778485705020379
9	-10.028340454148577	18.42942254497666	-75.13741385736664	23	2.674321394099604	0.0004039261428690272	0.00026050079317284803
10	-60.100490649805714	-10.262809771817407	-88.21590199226614	28	2.0441642688611124	0.00047865148199747483	0.00032141396499019224
11	-71.7377130242562	1.9573074769821228	101.95663892648106	28	2.085201454279471	0.0003662749193055198	0.00030526162938204385
12	-118.4199444716442	-9.078049915445629	-93.12925530722333	22	2.745100297014374	0.000468474557478934	0.0004076176739075373
13	-37.15446824741854	-37.48990772544049	-82.41038029901495	29	2.7110011477603964	0.00017201153765871905	0.000259989928791776
14	-42.9352833436176	-40.68675588159913	110.38125013739634	20	2.179928251779726	0.0002974663976915499	0.00016906821887644158
15	-162.9587536874048	30.654466113417037	-27.201750256415718	29	2.6313192409464063	0.00040606891322176626	0.0004471163987582775
16	-52.52790571976478	2.1469647309396507	-105.88667587196335	29	2.694672003144564	0.0001946870229632818	0.0003796548545233039
17	-6.763369295004112	-3.2931522796092825	-154.02261073653492	17	2.4270753216463623	0.0002489848571214917	0.00029495101486722854
18	178.71881567983974	64.17517729856806	-48.83546361631094	18	2.6873319927068757	0.0004099493365293351	0.00046963719597925584
19	-83.90483262581722	69.18516968359819	5.128207281796902	26	2.502694522099295	0.0004384789739611459	0.00042596081829272933
20	35.385936496689204	-11.49512604019756	-69.618395279921	22	2.5378070069969034	0.0003498342682313158	0.0004221386988823081
21	61.977201540463874	-1.9219372779563637	110.56363328958672	22	2.9745359259993034	0.00021636093928295482	0.00046445362669374907
22	-179.2494439217489	-57.49902679820581	-157.01645394251847	18	2.6341105160787706	0.0003326962222648224	0.000258493834205292
23	87.50463896362203	-29.427519400043387	-1.5381265830774153	21	2.460110034256866	0.00030545279519949436	0.0002736090053446627
24	51.648062361110846	6.55678222203497	98.72080901300556	21	1.9460102796684002	0.0004093571884402489	0.0003051644306400103
25	19.673130709010284	-40.33903037172091	48.24640266871375	21	1.9412434428451228	0.00021927686347978308	0.00019573778459219804
26	55.26319151674653	12.961233038873493	105.60029265077004	28	2.2836164518385056	0.0001789835424109983	0.00024971177807588064
27	66.9077488464461	22.316230711606075	-83.71445088699907	16	2.5689469878153384	0.000329336608767796	0.00017367852673612653
28	132.40204094362673	-33.90781291633544	-123.64202842398058	26	2.4772865614590054	0.0003750509213751259	0.0002984385594515475
29	109.36612138580588	66.81628210511934	-26.9092463273363	24	2.7047973449482807	0.00048796418734269146	0.0003051582777903075
30	145.65697219173222	-25.644630820145117	-179.61570903476536	24	2.4121248381400684	0.0004649259270540144	0.0001759241999369551
31	98.60644891963338	-28.852835507351696	47.589360949489205	16	1.604071404187037	0.00035986788124021626	0.0003256094900116387
32	-83.05614964451468	-38.290462914582754	80.69549864590101	17	2.1235084698808824	0.0004382375443240308	0.00010711020294088241
33	106.07936543773016	-9.47887136281724	156.1630163833703	27	2.9060940071892962	0.00011354581583709027	0.0003976547898350129
34	-109.24541898135959	-8.01066500656845	-73.72635518564576	19	2.451760394292509	0.00020913632552062577	0.00013692108274366286
35	-66.11081058176127	12.746059127671133	78.78571304445934	16	2.2057504054150017	0.00045326165325151077	0.00029659430846933706
36	19.374362082889377	-69.08696678955904	-173.52174817045966	24	2.7286679303170214	0.0004728854673860663	0.0003806952543756977
37	44.164795855087945	48.203871777678934	95.6862337517353	18	1.5198192736577945	0.00019926893255662058	0.00048665201815885405
38	133.71119656748144	0.0383779310071971	19.78444499653857	15	2.262284154442884	0.00015649215661101066	0.00039321358541184
39	-42.03987107844031	-43.115597046599895	-139.13940920693688	25	1.6914708732269057	0.00015569702120920095	0.00048600868492670255
40	153.3382038616756	-54.81186516134561	-146.8269227733289	15	2.650609626374062	0.0004603078607697006	0.00035651145838900276
41	103.82481190184534	48.29883241806321	-67.43521959074715	17	2.695918862392644	0.0003698802404865992	0.00043810547070288405
42	100.3787368125873	-48.12581494929859	106.10040455443169	22	2.7013824037724286	0.00039341779497928397	0.0002521223947046116
43	40.13849234946072	29.54831685396591	-100.48983265586931	17	2.0960977994666163	0.00020914782638055803	0.00015205053864685816
44	-115.78338808274641	54.6808734362089	-42.095810168467764	15	2.213618725186043	0.0001518174645391451	0.0004985559598620502
45	-91.10753836377336	-22.76709668673817	111.31850594419565	18	2.57699333872756	0.0001643368836822714	0.0003480820852839718
46	73.1898523074049	23.02917481745371	171.2016585130745	21	2.7326795685829075	0.0003846980919679191	0.0004148644046102522
47	-76.04445840863052	-63.52821731951101	26.011735416813266	16	1.5240656792678666	0.00016324739196864931	0.0002043330025190689
48	172.40513432007145	-18.46843045872042	144.00029311252288	22	2.970178665827775	0.00038397694362674094	0.0002594863661645292
49	-23.84030918965503	59.61755817894068	-97.57069761632022	17	2.0169272446842474	0.00010486219193925084	0.00021593207806778672
50	138.9288007351773	-41.0764924046922	-21.790384954098617	22	2.8254668284301494	0.0004777494041054506	0.00045729819674357924
51	-69.59212497131597	78.2235153006773	-129.80535325351477	17	2.2754760514611965	0.000170023583635326	0.0004372083371717569
52	-158.89202353242968	1.465525403839175	116.14025124721928	27	2.265160135042405	0.00025817281742832217	0.00042322607139543456
53	-133.450126262604	4.672491332548369	-10.089557792921793	23	2.011287887615713	0.0004825293924458751	0.00046908305744685025
54	-147.4165775416935	-46.249109409139486	-164.98096217182294	19	1.9856985165097158	0.0004250058394884722	0.0002661270305307752
55	-81.80101764254867	-32.219268521994714	-161.2099169405087	21	2.674684207597174	0.0004677688862773952	0.00018659441953316726
56	-149.73697745212758	-39.03440763068111	-17.84364961993131	28	1.7382879424254598	0.0001633983399588079	0.00018628429741697272
57	-172.08781197600877	-13.037223319929282	139.8071684399591	29	2.2326201904521197	0.0004189313549547883	0.00028939020903897297
58	126.4620235383853	58.89220141891825	-103.16849362361681	20	2.0377708491532793	0.0003282178459824863	0.0004668447820367603
59	-65.23241720536987	16.241413760994778	-156.9079925081577	24	2.7269922923793724	0.000393962174123996	0.00024194007967479406
60	-105.08916493261732	-41.44556109535111	88.17679927766211	26	2.129012582611396	0.0003700428631141833	0.0004965605121594387
61	-102.01634053496966	62.341591266653836	-52.31692069960007	17	2.945774695563359	0.0002490674575830779	0.00036795273873719745
62	-29.264313726383698	76.4897410089336	-160.25268408635094	22	2.6353857899308504	0.000169986412357663	0.0003581954530331988
63	-146.11103997441327	14.546452387413076	-82.20733842636294	25	1.8642136882129807	0.0004553217579321262	0.0004602964445937971
64	-164.73709124073386	-2.793674184574196	-21.776104539488358	20	1.9430290076431909	0.00038921255576019703	0.0004106475395908156
65	-70.86038846281379	22.06469610420715	-171.80328925987635	23	1.578701202268248	0.0002946965227396327	0.00030622253714589025
66	-34.8970866618448	6.107960972676523	66.63099947746865	25	1.631429027945597	0.00039278146061970067	0.00022868051502013107
67	100.29674919027242	50.435090022865054	5.126586300905297	23	1.7174226485671418	0.00026898362299899526	0.00045115033447860425
68	13.416966139188599	-44.06475759538568	178.85751131550165	26	2.116099509245913	0.0004969563939707691	0.0001416076373458384
69	-178.1323043471705	9.727764102150617	-79.95586934583973	21	2.411225690234532	0.00017658066675960165	0.0002776967642799099
70	155.76001861047243	-73.87212234200844	-148.37211795009407	19	2.7309287221603213	0.0003416012309134243	0.0004892989843765042
71	123.7029647679751	6.538867256326009	-141.8132960724536	26	1.9928781658293826	0.00044840953009730463	0.00014311642247025555
72	-16.194774927219775	24.116276865307256	-142.70314476055637	27	2.955018192635965	0.00039409057418618486	0.00045365502269690167
73	131.85949316152886	72.99729296545458	77.13472326910656	18	2.8022678928101814	0.00047873411649712285	0.0001311362109326667
74	61.3625621221675	-24.020498162785298	-42.30260600518275	18	1.748923565361058	0.0001057365828556221	0.00037817104583403937
75	51.16404691577494	26.656011897706733	-60.825311794911556	17	1.6211129346002915	0.00010152314868973003	0.00023850326013941467
76	109.87452839517222	-17.83995799997531	-8.189893561510983	20	2.519169815059736	0.00039376123456836025	0.00023951637677446612
77	-3.487221369394419	-42.388383576061955	-168.85384519931327	15	1.5912566618610196	0.0004482928343936966	0.00029393297573183203
78	83.52513245960034	-58.653512516168895	66.18119664512989	19	2.996836794213562	0.0002159048704533003	0.00015840192123223152
79	102.15496880661937	3.2284539336745324	-150.87110100745798	27	2.6910657534594744	0.00022736597708840518	0.00040750966358707127
80	-154.55446215858086	14.213753484074285	-36.24842295857384	28	2.3140382974136076	0.00015799057249912634	0.000321588302457433
81	-5.15366623339246	-20.439024290984566	-105.05477242321889	19	1.9070132580411832	0.00014595073293224723	0.00025189872879785536
82	114.6300817238068	4.318829218587421	-69.94960727951243	22	2.8046748756586677	0.00044101679874406516	0.00018479461932415935
83	91.10278060931721	35.6760124228818	34.669288809640086	18	2.330497805165411	0.00026274578019717677	0.0004989772596260208
84	-41.897464741376545	14.102221457959399	-151.51521315793946	26	1.58035828539663	0.0002784989064577376	0.00030000336535679627
85	65.53670378768923	-25.26367089470111	71.24263922494382	27	2.9440463893454454	0.00047398602742751374	0.00018010085023081727
86	-10.296259875643758	30.379942363526776	-125.17765745531887	23	2.504240355651285	0.00042796898515864827	0.00035382268654497614
87	-81.7507403401812	12.017185319748581	-31.495302312558184	25	2.578780278352717	0.0003106516495501707	0.00043334931235917745
88	14.655960599237888	23.15258113100931	-39.175338682597285	23	2.999640753841676	0.00046939605454324976	0.00027439306365081373
89	48.465839040317874	-22.289323624179236	133.18631744742922	26	1.5137862600986942	0.0004379960603138559	0.00021303423229309504
90	-36.38664936135437	39.46707869882225	70.2352099304446	18	2.294578433481609	0.00029980075662863553	0.00019379879036072735
91	-167.7572903270463	-6.21465054135814	57.26086411220254	16	2.9391236612341283	0.0003264203862918941	0.00015595833449071614
92	-134.90032886543477	40.41100757288884	-110.82389144204409	15	2.259044282946407	0.00029238687000688614	0.00014774959916164415
93	74.25634254820078	-84.86724975446873	91.780995544792	24	2.3238547632501834	0.0003822308788906422	0.000317429097359584
94	106.57600438654107	65.9593055505254	88.37568273175567	23	2.305765939990407	0.00015997642480470236	0.00035650815352478464
95	70.39431323207735	24.922351782030283	2.2530428018317576	23	2.9469518353999984	0.00018535059735538974	0.00010310029015224914
96	-13.710058819497075	54.5024692544688	68.61131964855392	26	2.3299067611878	0.00021648419460318743	0.00013292518447067657
97	21.420504031951264	54.0398004591393	91.02463092320805	16	1.6742977580934315	0.00024017392413054205	0.0002714933652993868
98	-77.72665381290146	-40.1163445339976	43.311824311017375	28	1.9029308960578022	0.0002871126654366266	0.00035799678714264557
99	92.08339078790051	-0.9996128056873178	-146.56088280938405	28	2.1533527210828014	0.0004678777915624414	0.00013567988265343286
