0	-51.61357102476372	55.01488578715483	25.797618031705376	20	1.5855146198024872	0.0008492607939186634	0.000843004545024886
1	-35.37351947829934	5.06257467185139	115.3065942525069	17	2.881717221099779	0.0009656438737574897	0.0007907419830238022
2	123.8544251991674	-23.776719222189936	-17.00297788325355	20	1.6892828099590829	0.0005267053296546257	0.0006551029067090356
3	-11.674127278914527	38.89718436947166	-80.6538014401873	23	2.2881645321038206	0.0007582527157134558	0.0007460013892800826
4	-129.62206155799564	30.06125054031359	48.872664838598034	28	1.6073324949672483	0.000984549996507878	0.0008258391201993683
5	-33.271900681154385	-64.991851762955	-125.3746989911623	20	1.5147196845966444	0.0006889638563919837	0.0009237785795290425
6	68.2592114868608	-42.181887951437936	-121.02168644805825	17	1.838305392388682	0.000919743049077793	0.0007990795795720795
7	103.04162869745967	-11.46502834444584	-153.24675171885232	26	1.696266656179061	0.0007804749908364426	0.000553262103312064
8	-9.923485415471678	49.2889932265201	-24.278113911023446	23	2.9037512195792035	0.0009664038839531282	0.0006444087051562384
9	-118.48867543873506	-17.547495912234233	-22.504328159762647	27	2.3018741518161265	0.000553369748623426	0.0005906646025687465
10	149.46413668036942	48.684380021088636	119.33974702513676	17	1.7108641630952997	0.0008837855955239274	0.0009977433370075498
11	115.86131248964186	60.39258700186126	-78.81545495614023	19	1.9777299594271038	0.0008075901413712905	0.0005983800139893546
12	45.3724838581357	41.613751518237066	-5.859593349200778	28	1.6387084934583231	0.0007684674403953572	0.0005884388126383929
13	146.30621241523554	15.760931162305045	82.50249734356002	21	2.401735832273311	0.000807269622213395	0.000957608960996891
14	11.100887844936732	-79.39234892396729	-18.852098724602005	28	2.9743845930958717	0.0008851348094819512	0.0006094903656157678
15	-138.95598679229528	5.423915591240283	-44.38675678286384	27	1.823406277431847	0.000889818940767033	0.0007938458076407034
16	84.99502518187694	-70.44798343717494	-170.69247572820913	29	2.363899131436649	0.0009885060161106932	0.0005573032385672496
17	100.50176427047913	5.127749710710462	-5.898134682645647	17	2.035673458038289	0.0007662789359169037	0.0006611393167748972
18	-119.51814212717476	40.13063392283944	32.919878494043175	27	2.3587900494369434	0.0007289817848891592	0.0007043623430314566
19	-79.35932210010436	-33.94185486458391	-101.66527896841355	18	2.269766184219085	0.0007452860733702686	0.0005651754252249851
20	128.20465516116641	-35.497422620815684	112.40761712500361	16	2.2394244079551506	0.0007017704982268694	0.0007684250010823611
21	40.028442450624674	-51.25276147964108	137.19153255087153	19	1.953995880259291	0.0005666049807480989	0.0007535475106588523
22	21.31028126933208	-18.791178166264583	100.08859581584373	16	1.547393094318847	0.0008099230936263511	0.000739023677046068
23	55.41226950435819	29.553780932511177	-75.63945823984103	27	1.8825764930743805	0.0005520143364868627	0.0005618331846271698
24	-23.17238089030659	9.221753129598007	157.70221931529395	19	2.9446449647162174	0.0005567377648154404	0.0009499804614913757
25	162.1012948821733	6.0455914747086	-20.61317790726893	27	1.6433566987099995	0.0007273124699383479	0.0009450957004776214
26	-40.23152094038632	8.690360009263157	16.610771977436766	24	1.9335732310134242	0.0008767229647770216	0.0006624711313133115
27	69.76937881710856	-59.74023384339821	7.530520561257148	22	2.422203101677645	0.0009929680470047604	0.0005263671071039186
28	-175.89797305927988	29.64869823649475	-177.91345010454546	16	2.4212576787999085	0.000510164752095898	0.0006828453633720621
29	-66.60977113238094	28.335048202607574	66.88495058396887	22	2.8961709061575265	0.0008433785497917938	0.000874009682662836
30	-17.152456935734484	-57.43855543579303	46.787071510379285	17	1.5320506827403197	0.0008102093796145621	0.0009251446302162732
31	-65.1706802423666	-15.386926213557588	46.58148833537015	26	2.2926445046508404	0.0006583029908846545	0.0006285066459111591
32	50.768095529485585	39.761084580563704	57.053825306438156	18	1.6313460929115506	0.0005971881493988388	0.0009257668702054866
33	7.870606509936662	27.49038054451358	-159.99938147374337	28	2.2285054666923028	0.0005600934662605315	0.0005126118757410052
34	-122.1268542819253	43.877740790222894	149.63728325980082	22	2.186312354970168	0.0009062030192028151	0.000897241494749116
35	19.107734535371144	49.94977277198261	-102.16932057228769	26	1.9530901435868526	0.00097335946052307	0.0006915737690499741
36	-22.59090092228803	50.960858700588226	-61.983541033182874	20	1.5735364464567718	0.0007033831325780739	0.0006266119292187624
37	167.74802708987127	-21.71515246980491	23.813129837983084	16	1.7585350740640715	0.0008715814362482335	0.0006454663117053775
38	-47.04115654338544	-1.532160294747885	-100.23862406062723	20	1.5032805868413492	0.000887090095615631	0.0009812710315362401
39	-7.997363074835188	-74.61811891972307	151.9839073247275	23	1.545664561606647	0.0007251631306265872	0.0005468364457230366
40	-48.542773748479185	-25.072884191486793	87.17313403990178	17	1.7584043332117245	0.000779198474077217	0.0008438905434000397
41	142.13618779230436	16.16338043852864	-157.6891012059869	21	2.3595748019263927	0.0005896614408144862	0.0007877128934782279
42	-118.59610213387197	-5.241263330611673	-169.8543569752525	26	1.8341422122706186	0.0006297658174876938	0.0006861792463414124
43	133.83375960629982	28.597875131952637	-35.81816995348469	18	2.9645834191736364	0.0007057411227118882	0.0005245727030122509
44	92.13812754871753	-25.89987645767101	16.00959673939611	24	1.5032043648164746	0.0006851179371644349	0.000860341054187049
45	-58.84143091709065	0.9064448795959782	-166.3336966871331	20	1.6057081150243728	0.0008461206445957145	0.000745992444614326
46	-166.31797573328942	11.904312469764442	-133.37077109312798	27	2.9422703689313225	0.0009360920959198677	0.0006529710415656411
47	104.21184580027914	6.217981906611943	-88.47690293398713	21	2.401842549644523	0.0005353608014693874	0.0007259670683038292
48	101.12322186565076	66.37690416471227	58.88966917642645	28	1.9125640799610477	0.000896347550871782	0.0007310875484808545
49	97.72938201148183	-1.3688949739417424	22.91505132191279	27	1.9228610510330792	0.0007814884560338102	0.0007200053619870258
50	-4.8302341966823965	4.798393143105643	-112.37687737411447	26	2.091813033483026	0.0006630623991084579	0.0007500747144951421
51	-86.42943088345575	16.7023030866941	72.4218915411616	29	1.8620032491414233	0.0007505019573951187	0.0005084274036251773
52	-52.85914174763778	59.12820440601943	147.92266273629602	19	1.9802135875255442	0.0006244312866102668	0.0005056701080205476
53	-57.54014154149977	7.874336235623924	179.00937115996922	22	1.5245994652169694	0.0007488308026971941	0.0005011780504161581
54	94.11357616559016	15.64714581698811	114.75250863645236	26	2.1050855160108037	0.0006636519567221747	0.0009182263425101043
55	91.30130247790093	28.85213915764578	26.0236895544318	24	1.9258256417594906	0.0007382072580169961	0.0009422000329114037
56	-154.62644885730523	-10.185050355095976	174.9156026906304	16	2.8551899490311294	0.0006294531919841471	0.0005442643126283978
57	-58.14835309464207	-49.453673299229266	160.70397231552957	16	2.5114005654438856	0.0006017885774200107	0.0009839688687111779
58	-7.640835322576664	-10.629898042026532	60.089524871190356	15	1.9428419148975782	0.0009503418306812907	0.0009884998525822866
59	-134.8882526281233	-6.171488176182201	54.67027296469275	15	2.4196878543334437	0.0008425658559091413	0.0007044365436216008
60	-67.92283480198802	15.573780124913009	-120.03531936250309	19	2.2472226796150023	0.0008611140921824268	0.0009169096491407434
61	159.2623419549246	64.51059528803296	-78.14060415047031	26	2.31402413244664	0.0007737224301291314	0.0009692019229700442
62	32.11544352608555	-12.331292044001605	93.95546149458612	20	2.778061516783527	0.000578648037969471	0.0009366958568788758
63	-131.04193681398124	24.38711365747885	-84.68911496744995	20	2.3531124016126004	0.0008755755908958976	0.0009228694938159939
64	13.091177048873723	49.004122827015394	78.96740721530016	21	1.5301797073644483	0.0008015196278405377	0.0007757203253010609
65	26.31982984850557	9.139840401724546	21.462710503746287	20	2.334830968763433	0.000566615309704435	0.0009706389141225992
66	179.2169069064992	8.719887208815017	-140.57268263681115	17	2.517245534099814	0.000902712498772229	0.0008322289133753029
67	-27.017910434415334	32.13417652076478	28.91475326928653	26	2.953947067243206	0.0005312004530307199	0.000875616334475867
68	-60.999102059332834	-5.049346938148822	70.1773909407677	20	1.802423011938703	0.0005072404933786604	0.0005258452080136865
69	-116.58933312194652	17.7262930378608	-131.76046150037996	18	1.7721889972558271	0.0005566085526841321	0.0006303397881168822
70	83.16290343550546	-57.138789302020406	3.6336361787412983	18	2.099065318361662	0.0008863138793283806	0.0005989453541199456
71	130.85071218968315	7.029376325942322	-33.86559127622914	16	2.949005017477722	0.000522033447544501	0.0007424037710469329
72	18.486115578562348	-21.734030584812913	169.40092641271727	29	2.1784137589884685	0.0009076223270677471	0.0009529963003984647
73	-149.82272794672735	-5.656967979546557	-179.3830778787468	29	2.036951523730371	0.000912714995838662	0.0009819430102995766
74	108.8679644298145	-57.24422083808142	-55.82642128993617	21	2.2957705584118315	0.0007661939240526329	0.0007136109092953585
75	160.51373730878646	34.996562763783366	-68.53088644613717	25	2.677941488057529	0.0005310865905497359	0.0005417809873434024
76	47.655975537427516	-40.94281235802927	151.84511140417632	28	1.682122414215518	0.0008160612183990212	0.0007026379593339739
77	102.78033790485078	-51.13131315848106	-11.42205263154786	25	1.572303739660463	0.0005150567827998286	0.0007295191262888782
78	-126.12548905572909	49.621410916588374	-97.12114334709405	21	2.9199101656384143	0.0005901991887941234	0.0005623570397876581
79	-145.73509120005562	59.83202343539946	81.80144704801448	16	2.976758582044488	0.0006255487841913606	0.0008256675888850848
80	-30.650516984189753	-32.88302174571112	140.69873151990706	21	2.585113261973288	0.0009464661577674413	0.0006594595208461221
81	-68.36273894481174	25.450356591852678	-32.49626481843318	16	1.9533525196599981	0.0007800800273514216	0.0009867004505129603
82	-34.370353466641504	-23.102246284389473	-19.694580299547145	15	2.094430077306762	0.0005616130640845627	0.0008917484828912272
83	32.0975486738342	-21.074718042401912	29.600047721821802	25	2.505173039078636	0.0009148741337083802	0.0006528061998238412
84	122.42765912258109	41.83385328399936	62.57022191837175	27	2.385697974940641	0.0007782637420818266	0.000822308842180411
85	64.62437263758497	12.577141825849043	-22.665006374439017	20	2.1929291293736206	0.000833165125509368	0.0009873418749673543
86	-54.91850736020699	57.857326051490965	-7.869021912766182	26	2.5186288303914557	0.000936073884405581	0.0007426050240799867
87	21.8849260755711	-64.27652397304908	-40.41303748957053	25	1.5865860440669102	0.0006982927618276505	0.0005526824561826176
88	-1.9910225654592892	56.40819526305188	-106.7538638445436	21	2.8467200234561645	0.0008791792160339194	0.0006962865526655505
89	-42.256272537577075	-39.67070395649356	29.41924450529482	23	2.2664172096968036	0.0009594778416074177	0.000681844122870885
90	92.41493468340425	-28.226039300031186	-5.2475467617674365	25	1.8247824484089354	0.0007653446629385171	0.0005684235093025313
91	20.935719628933157	43.246450176452775	129.47733487292194	24	1.5316838948811737	0.0005802160515154129	0.0009027879076636073
92	52.836687415783636	61.87404600665587	150.9661430610726	26	2.057666496941251	0.0005470010373632017	0.000821116969328999
93	142.01452050005224	-14.210996589958814	-18.952214005267066	29	2.215790955959211	0.0006130497362799456	0.0007595260530002331
94	98.73755495124989	38.01014391419328	-57.29960356948027	29	1.5076700047781815	0.0005130833070566914	0.0006853567751770445
95	-125.98911320284672	47.73602666909043	57.4586755840605	22	2.692583937307319	0.0006217800030275473	0.0006323652635867193
96	117.83764236909316	-51.843666119540444	-161.5677790637481	17	2.6937938742891463	0.0007994469605287851	0.000954408872561318
97	-91.12125563878418	-0.8907392217357567	100.37823638732624	26	2.6936144776089277	0.0009448346511451076	0.0005250415182163103
98	-75.83220005866764	-46.11185516844301	-179.88153936455265	20	2.6094574569080606	0.000881382554066475	0.0006726665144220457
99	-122.90966894409837	-42.86277275484166	72.07346274569457	24	1.765621798521232	0.000825289280705477	0.0007370468922825921
0	90.76438441292538	-81.7514913229481	-19.230314812167837	21	2.5555116986990987	0.0009226617117993965	0.0009950886723939906
1	173.60683616496408	10.427303989723306	2.410896449097987	26	2.8440699063691355	0.000680992144958841	0.0007135029922134587
2	166.55013259112806	-27.032551492267235	-124.4509726271717	25	2.1529821593248144	0.0007231168075411712	0.0007879113738966362
3	-174.38176386066542	15.752845758456957	11.896792482922487	18	2.4786188407476297	0.0008610217063353062	0.0007537264309950269
4	-120.91397157619133	62.51258159996342	-69.67265410412668	26	1.9998748427196382	0.0005252391154139758	0.0006966396546049245
5	33.15558334315148	-18.067048228066906	-166.1100275190922	18	2.578697519630441	0.0006297181131137219	0.0005145066115939295
6	-41.95406961881951	28.510744273279027	79.83834426515942	19	2.527747891121183	0.0005514296120623621	0.0008770297137684691
7	95.97258745021527	30.88329581102624	29.807554728468588	24	2.0273621313551016	0.0006834254643883913	0.0009513079720186765
8	-157.45857148574248	-52.41520357669271	68.96891812777879	16	2.5451360249675545	0.0009570304279501163	0.0006633352405947991
9	53.01192486427572	45.04237224260072	-30.717664977318574	15	1.5720929674135162	0.000557490873295563	0.0009811651602282428
10	117.42866871483174	30.09530280019003	97.50385000850083	15	2.9861784022678886	0.0006203371683021539	0.0006146422367020515
11	103.67373847878994	-63.96781840614224	27.1418625269601	21	2.730217552915101	0.0005669191140435391	0.0005366256621897126
12	68.93764909085426	-19.40946224724235	108.96430077619519	15	1.546490093648484	0.0008116128458760862	0.0008846466596495358
13	-7.784078281428086	-9.243247732285298	65.80521366861798	20	2.2683301622314875	0.0009980442266131046	0.0009240360889708451
14	-79.15653370989479	9.82617589596438	94.33145070699176	28	2.7130944567865503	0.0006242338259718589	0.0005909789032765338
15	123.29661135775528	19.59059591823683	-129.94192916139576	19	2.8423721285053065	0.0009092951278557482	0.0009265574870802372
16	-136.78503274606155	-58.42404525716317	-155.65652772129263	21	2.146116530062512	0.0008714590983430208	0.0008187766073416758
17	-56.97991271082849	26.99105093722856	-29.994107787449746	28	2.703694912250495	0.0007842137602480654	0.0005950993118543867
18	-178.9714929807347	-37.995041329476464	24.77196544137236	26	2.5507656264395893	0.000699877606636358	0.0008699495450493206
19	164.2354763277614	-63.817139201942396	141.82718707765613	24	2.6790731727856585	0.0005535978333173638	0.0009202856251382453
20	-97.92021062827133	-60.033716222739095	5.1533448362569185	29	2.3538519064484738	0.0005419871552752832	0.0006424093472501431
21	111.91861006611113	-52.821682419135286	150.78495529145152	21	2.8261826772606455	0.0006507211075661963	0.0007689115489292358
22	23.418205335861874	-2.309606463936265	68.75562394763898	20	1.8674425765856895	0.0007766007887694312	0.0009712607067536849
23	-174.62803101238083	-31.75210455724748	-121.22273380027215	15	1.8065908877356733	0.0006630445935697982	0.0008489105697345014
24	-134.4244428902809	52.91538491841122	-19.65381175260044	15	1.6808358141368007	0.0008549205612549075	0.0008919276106388679
25	-43.853088732062055	-15.739362023111637	148.19504269275666	15	1.8670032019967475	0.0009991677488563723	0.0009911740594001355
26	-174.91219164601003	-12.916741580726526	89.60109367142701	16	1.7566813693454497	0.0005872068381451506	0.0005543729177104551
27	-5.665755381101693	-25.52893495417776	-60.828793297812844	24	2.860927328421316	0.0008430266121888752	0.00075200742442113
28	7.72880537697625	69.46864356755614	133.9306541252627	15	2.5248359891809704	0.0005062652204998236	0.0006005062511543146
29	141.41134912729999	10.275938938069086	-71.20808886474737	22	1.5776165667918867	0.0009212054351076017	0.0005895085670974328
30	-64.08450194774498	-64.51975553364792	101.71126035154326	16	2.7413296653248853	0.0008215921905676748	0.0009675573267288001
31	11.42375024779456	72.87995138068388	-109.4457893801847	27	2.135063448880728	0.0006306673546019188	0.0007444577000989014
32	-4.578967266798221	-16.709837995941115	-155.96068855828162	26	2.830484355803702	0.0009558923649340034	0.0005948983059946982
33	-162.823785299824	43.83700611999627	4.878806546408958	26	2.184601995885232	0.0009418772480484429	0.0005485488412052497
34	121.76124123424374	-15.718834542594058	161.39544028059302	16	1.9444104424451518	0.0008109455483080409	0.0008398789777835554
35	-131.2332933432006	6.36594101688272	173.6257942653282	19	1.9608006881811073	0.0005019242859850918	0.0009808230629836303
36	136.10165126568228	47.963454849030306	-79.09458573379506	22	2.333157212267233	0.0007793685731173859	0.0006743085287561788
37	-137.16005282871845	8.267956137362672	59.10950513162044	23	2.5419587405054314	0.0005311662414138681	0.0009497986326351723
38	149.76899508862616	-55.868704216500305	-2.083285958964552	17	1.5596653239441711	0.0008543400701548822	0.0009041360383988121
39	49.74845586921763	15.74942107942862	-73.54997035264253	25	1.929992997500342	0.0009170361291245954	0.0008298502510351361
40	130.93015873939748	71.59227659842402	-177.53498231807131	21	2.0131688564103594	0.0006277900877501355	0.0009462837919777807
41	91.99837778380792	11.196149743349922	44.158048450291204	25	2.0612708845513152	0.0006533676859214726	0.0005596992720333306
42	-153.76789965424794	13.027349885129148	-5.575916565844152	15	2.116009162631996	0.0008994995982278242	0.0009031650417525971
43	-127.3198288565335	-19.014205698376472	115.27916401842226	26	2.4980770557089804	0.0009125018955426944	0.000810924716901539
44	72.76144742177826	49.951918900221536	22.27481560082357	19	2.4169210888461494	0.0005865245942864912	0.0007684353189161149
45	-98.97463790637318	-3.9949004907081753	11.427668079954879	24	2.304407134813254	0.0005406054287431942	0.0009934571711166032
46	121.11936252366287	17.944612545118364	151.86991279776632	23	2.497904686620263	0.0008268361188601072	0.0005120202803112088
47	-50.62704338690467	38.26711849317983	153.1158308943298	19	2.8243186438741104	0.0007704637741271412	0.0008338974958502728
48	-142.99094158592067	-8.25992279092792	81.34532179822946	29	2.09976516219415	0.0008976852391899848	0.0007849869192572183
49	176.1423632137878	35.09686603847423	-76.65383404696833	28	1.9759507952039865	0.0006767186953440226	0.0006238619658467622
50	0.191337583832119	15.293572840618362	72.78973221584728	23	2.763489832756711	0.0005870654903461337	0.0009489821712827835
51	85.74918646567143	-20.679337889366135	-71.10301239302245	24	2.212038944605341	0.0009112711594938379	0.0007430821189547873
52	54.67487386041857	-22.79081642885855	168.8221345046894	15	2.4498621112646592	0.0008707023608473463	0.0005800075524340144
53	-122.45061476282712	-48.711459096153455	-106.54282770826104	24	1.5259691698902789	0.0006366145828474281	0.0009851703893893728
54	-79.48005170627988	-17.046052836144458	-76.69969589622426	18	1.6279731518651273	0.0008976129017322261	0.0007409186443791322
55	-29.219974253167432	33.754304853987094	-162.9083540317541	18	2.749446345835276	0.0009759127184185816	0.0006371150044132738
56	-166.08715543308432	-32.03953762303317	138.36150266702754	20	2.353013171628647	0.0006291587933918863	0.0005035424068165947
57	-151.05431199125186	-20.74887368056682	-27.996417163704994	27	2.029768715379392	0.0008150765996921752	0.0007212160514026621
58	-96.17511508722968	22.45947152316538	98.01142912315137	21	1.9758173146464992	0.0009828546105666264	0.0009647085267923854
59	-20.185570602133865	-16.90393095270138	158.26482429669448	15	1.6371839359370715	0.0009290481693906399	0.0009473450507888417
60	-55.08234558242424	17.292056475269764	157.88326875512954	16	1.9622085344612674	0.000761837878031987	0.000802444003368239
61	-40.07898204225287	40.769314815224	-2.4533966083527172	23	1.5567865938073724	0.0008004803765553236	0.0008812834065898325
62	95.91038053989939	-11.630932787792217	-155.98891006004737	19	2.118297521066974	0.0009109015552939686	0.000665607841350855
63	98.86484060813267	11.756014045378855	77.66218912363898	19	1.90164866163505	0.000949950241252928	0.0007964404626964064
64	18.67724784628492	11.452878124444211	-84.47497419036534	22	1.7895761137057375	0.0009574752336351767	0.0008994832284679867
65	-133.35923366374197	53.66933940769731	131.97813320260641	16	1.7113244545419195	0.0005856241994799079	0.0007880339504474699
66	-105.31736198186127	32.21155632583517	16.511952948047956	26	2.1369423924076	0.0006108858084733608	0.0008211484971384163
67	-176.66617866254538	-16.362127833051396	-18.330643420793685	24	1.5770588186969943	0.0008534872727686054	0.0008163673908130923
68	131.5999630658546	24.92871319004446	158.46931257707826	26	1.5145622514362338	0.0009178740590967369	0.0006746293152401268
69	-47.152757880746364	42.53932688062921	-170.53476813421577	22	2.8468191935774234	0.000833193919234412	0.0005096050850177717
70	34.527424985012765	31.565653279780783	-164.0078922397953	20	1.9290845113704431	0.0008370642123610504	0.0007452763213297081
71	159.40694145526282	-28.258766076189794	-156.52600325695516	23	2.4901879645546074	0.0008944044462768723	0.0006892148963539896
72	-92.97168211567782	52.539507301224674	-53.580868684375595	16	2.3931057959706092	0.0006203532587915835	0.000607088222069894
73	-85.39659216574711	-80.49823815037388	11.593022188334485	24	2.121810566934206	0.00064955683528454	0.0007467570371955207
74	178.9065210527708	19.495587499397224	-104.70843531429837	23	2.363133257151513	0.0006303235942110535	0.0008837845417304237
75	143.5165865644956	-69.5099861273745	124.1598620780988	17	2.1251429214780893	0.0006917087457916417	0.0006823243800571385
76	-44.07131774513712	52.95162079391895	-77.75355201608708	24	1.7032638751267029	0.0006602490753512993	0.0009647945660075329
77	-155.20512439765577	-15.22437624716108	-12.583623391125723	22	2.404176085099458	0.0007764786839381978	0.0009881322323976563
78	-147.25634483280763	-16.561252762734817	-26.50205014678478	17	1.9588749066631426	0.0009853548402834992	0.0008587520742383335
79	122.57612170617669	-11.793855091008744	28.494816673075622	20	1.607085031733353	0.0007487077105768542	0.0006089751961595348
80	-35.52111120751938	-23.274713930244268	-66.19350836065584	22	2.7526449389831935	0.0006630773516380929	0.0009290997400443539
81	133.1870258470218	-23.290521424998104	-113.60870260463459	15	1.9015412658383357	0.0006911884301483663	0.0007231623099954337
82	179.50551528420314	-49.78643576462955	-160.40741943936786	24	2.7053676344728146	0.0008006214782401867	0.000972669480423686
83	-43.74196392151612	-25.00609222362671	168.50053025712836	19	2.6284373331547664	0.0007741407838595812	0.0009873635701722462
84	-59.284048513823016	-27.524113730751456	-11.89445855971264	20	2.622123781192852	0.0005089694469451842	0.0005638562576959901
85	-83.63024030931194	0.8386121390179742	-140.75772859182317	26	1.873033986620002	0.0006221561224179397	0.0007473786518997969
86	163.04690892585955	-34.09245227277358	120.35099266000688	24	2.363902543508257	0.0008187307107763135	0.0008338508884375211
87	-64.10721108825226	55.61680604935735	82.88525820787707	26	2.729699966168703	0.0008268169199970297	0.000619819512384023
88	4.546096265924321	-17.352840868044805	-9.977700726294692	21	1.9018736183052227	0.0005902523907950759	0.0006289214482414703
89	-57.60004388566381	65.61723409837944	-121.38956399819831	20	2.8137529463810202	0.0005052539241368594	0.0006598259606230541
90	-61.19217523739761	2.6107839746306327	-143.951156353845	17	2.7406108707178487	0.0008330153109657704	0.0009793096386973836
91	166.06336969223037	-34.05916659912912	-7.496011361469942	27	1.6694477417872133	0.0005113217587265856	0.0005198241845215119
92	-148.68896154535366	29.603140419361374	-22.538278259991557	17	2.640783231452443	0.0008238056930388626	0.0005511374936892473
93	149.48775443115508	-51.8954370272746	-109.34201241170456	25	2.9170529743220173	0.0008251131897981782	0.0009925445903031138
94	-154.1087821022545	-30.455400131948323	122.29340284989	24	2.1688464174546978	0.0006420604826895393	0.0008441056208922445
95	4.227934194486571	-35.9605573622091	-69.75575011163004	27	1.653457403049654	0.0007942303830005776	0.000506040450820356
96	12.763407152417411	64.90613969616608	-9.398206178903509	15	2.6920104571348755	0.0006527345729840997	0.0008611325858554095
97	42.47117752902524	2.713392826362654	-162.3418585644214	17	2.1885851920509887	0.0008516451211825428	0.0008318295031137328
98	-35.480772886457736	-26.98649439544296	-107.94234054585544	25	2.88093632138901	0.0008600017038089128	0.00068223889159221
99	1.8446415931316322	-65.56961868490882	-62.12455912604551	20	2.7104197684729847	0.000711817201858964	0.00082734913627344
