1.183068783131856760e-01
1.958730158745927152e-01
2.534391534265387214e-01
2.850264550296087163e-01
3.019047619047618980e-01
3.243386243512390577e-01
3.354497354371206996e-01
3.463492063618210937e-01
3.583068783005709523e-01
3.692592592718739741e-01
3.829629629566556059e-01
3.892592592592592493e-01
3.957142857016709980e-01
4.102116402368696790e-01
4.173015873142020271e-01
4.274074074137148016e-01
4.341269841395988816e-01
4.430687830687830564e-01
4.486772486772486745e-01
4.571428571302423860e-01
4.662433862370788940e-01
4.724867724993872531e-01
4.817989417737122970e-01
4.902645502771649788e-01
4.982539682665829694e-01
4.981481481481481732e-01
5.043386243449317075e-01
5.114814814877888249e-01
5.207936507999582076e-01
5.322222222348369502e-01
5.288888888762741658e-01
5.383597883724030586e-01
5.386772487024781286e-01
5.435449735702030383e-01
5.513756614008908929e-01
5.593121693121693161e-01
5.644973544973544977e-01
5.615343915596210378e-01
5.713227513227513432e-01
5.723809524061818088e-01
5.852910052910053063e-01
5.856084656084655782e-01
5.890476190602338402e-01
6.004761904888051838e-01
5.992592592466444712e-01
6.047619047366752376e-01
6.092592592718739652e-01
6.098412698286550526e-01
6.091005291257586274e-01
6.165608465356170464e-01
6.238624338498190980e-01
6.246031746157892917e-01
6.233333333333332948e-01
6.316931217183511249e-01
6.362962963089110469e-01
6.351851851599557008e-01
6.416931216931216486e-01
6.458730158477864469e-01
6.438624338750486009e-01
6.501058201058200758e-01
6.551322751448899195e-01
6.631746031619883963e-01
6.568783068530773539e-01
6.579894180146474980e-01
6.615343915470063285e-01
6.657671957419663000e-01
6.655026455152602827e-01
6.737037036910890064e-01
6.689947089820942328e-01
6.814814814562519807e-01
6.786243385991092003e-01
6.829629629503481958e-01
6.920105820358114501e-01
6.827513227765522608e-01
6.893121693121693205e-01
6.885714285714286120e-01
6.937037037289331964e-01
6.926984127110273892e-01
6.980952381078527891e-01
6.987830687704540411e-01
7.019576719829014877e-01
7.038095238347532590e-01
7.017989418241712407e-01
7.068783068530773983e-01
7.120105819979672956e-01
7.121164021037873493e-01
7.166137566263713898e-01
7.131746031493736426e-01
7.167724867598720406e-01
7.162962963215258050e-01
7.184656084782231611e-01
7.256084656336950767e-01
7.249206349458644505e-01
7.313756614008908308e-01
7.253439153313006038e-01
7.362433862560009423e-01
7.388888889141184135e-01
7.333333333333332815e-01
7.339153439279586522e-01
7.399999999747705060e-01
7.437566137313842418e-01
7.423809523683376765e-01
7.462433862181567790e-01
7.464021163895017130e-01
7.421693121819269434e-01
7.457142857016709758e-01
7.521693121945416394e-01
7.519576719450572488e-01
7.521693121945416394e-01
7.548148147895853421e-01
7.516402116402116640e-01
7.580952380700086701e-01
7.578306878054583695e-01
7.548148147895853421e-01
7.628571428445281022e-01
7.615343915470063063e-01
7.640211640211640454e-01
7.645502645754940207e-01
7.666137566263713232e-01
7.674074074326369121e-01
7.775132274879980043e-01
7.657142856890561955e-01
7.708465608591755780e-01
7.693121692995545935e-01
7.712698412698412165e-01
7.753439153691448205e-01
7.765079365331659655e-01
7.775132275006128024e-01
7.784656084403789311e-01
7.825396825649120203e-01
7.783597883850178478e-01
7.795238095111948207e-01
7.830158729906435688e-01
7.867195766943472224e-01
7.857142857016710114e-01
7.876719576467281492e-01
7.856084655832361596e-01
7.825396825522973332e-01
7.866666666918961104e-01
7.847089946963800022e-01
7.868253968506263574e-01
7.861904762157057025e-01
7.889417989417989441e-01
7.913227513101366295e-01
7.941798941672794099e-01
7.908465608213313125e-01
7.903174603426897926e-01
7.941269841269841256e-01
7.969312169312169347e-01
7.986772486520191672e-01
7.930687830813978323e-01
8.008465608717902917e-01
7.944444444444443976e-01
7.958730158477863581e-01
7.985714285966580839e-01
8.040211640463934550e-01
8.000000000252295296e-01
8.030158730284877588e-01
7.993121692869398220e-01
8.024867725120019557e-01
8.031746031493737226e-01
8.057671957671957985e-01
8.053968254220549294e-01
8.039153438901144311e-01
8.059788359914507039e-01
8.035978836231131295e-01
8.080423280170985212e-01
8.110052909926762643e-01
8.099999999747705681e-01
8.102116402116401606e-01
8.118518518266223394e-01
8.131216931469226195e-01
8.130687830435535668e-01
8.133333333207185545e-01
8.106878307130601646e-01
8.097883597757450369e-01
8.132804233056527554e-01
8.131216930964636491e-01
8.140211640337787768e-01
8.105291005417152306e-01
8.174603174350879575e-01
8.140211640463934639e-01
8.191005290879143086e-01
8.205291005291005524e-01
8.080423280423280064e-01
8.161904761778614459e-01
