2.195760240605268532e+00
2.017164664192805379e+00
1.842142435406881606e+00
1.728060051070319236e+00
1.667688434187066582e+00
1.614916143114604630e+00
1.579011328132064351e+00
1.534460286791362371e+00
1.498673348149294648e+00
1.467848920090488729e+00
1.441323141648025219e+00
1.414075478397349261e+00
1.390349872427642630e+00
1.360549114040596752e+00
1.335723235342237691e+00
1.319912210822736132e+00
1.283513222396689191e+00
1.265529262149144740e+00
1.258820488642132363e+00
1.225041517883381559e+00
1.204641178852666528e+00
1.194710643960054552e+00
1.172281887203297179e+00
1.158018307156033044e+00
1.133779144388027182e+00
1.125920516826488305e+00
1.108437834164452962e+00
1.097096086481891719e+00
1.083039151146298451e+00
1.057662779502767769e+00
1.053836598471989738e+00
1.045943535421260506e+00
1.032282137441887349e+00
1.018316849653052358e+00
1.010144495560378664e+00
9.976654478355689859e-01
9.834141146695172253e-01
9.831198225071821062e-01
9.627484615769966725e-01
9.521695453906184881e-01
9.399940923660520253e-01
9.328899875772062034e-01
9.328454395576759595e-01
9.116214142779194285e-01
9.065709550292403440e-01
8.953011617206392270e-01
8.873151244562138551e-01
8.812220387484031026e-01
8.827946446181604845e-01
8.710137599359744076e-01
8.613989298936550743e-01
8.507568951889320497e-01
8.558573794617223562e-01
8.420599115462530371e-01
8.303602813286755646e-01
8.273647785943651911e-01
8.194021011534191601e-01
8.109838654502989908e-01
8.096562106268746506e-01
8.093545782250701759e-01
7.910237340573911258e-01
7.810634403127841852e-01
7.888709162152002241e-01
7.823378005860344153e-01
7.730030253829148768e-01
7.669042263459906472e-01
7.651942205681372400e-01
7.451999314247615969e-01
7.543033431572888636e-01
7.448836607277078414e-01
7.361563820687551107e-01
7.298585586446934004e-01
7.217637297211501046e-01
7.247615814461279005e-01
7.219268956007780513e-01
7.185137302030331075e-01
7.094224949110121692e-01
7.053656991953571875e-01
6.987965379064045024e-01
6.956241426518354753e-01
6.859485245507861428e-01
6.909506077488893894e-01
6.878808361008054151e-01
6.782465059290487819e-01
6.757204869310692308e-01
6.748246345948920588e-01
6.698505171770772204e-01
6.666308277498477208e-01
6.590618449670296863e-01
6.565199349418519015e-01
6.541268502845966060e-01
6.425549645524807341e-01
6.470562231099163952e-01
6.375649525374962323e-01
6.398909869900456515e-01
6.284549978296593009e-01
6.146986551259560061e-01
6.238192308012139309e-01
6.239436688372698159e-01
6.117143538136962100e-01
6.104858374343347105e-01
6.122226264867832723e-01
6.039185407931211280e-01
5.948019477425429136e-01
6.069573661006947285e-01
5.954700472115208587e-01
5.827806140821446546e-01
5.864768672872472388e-01
5.836287593778478611e-01
5.786317318078701977e-01
5.906119551229729314e-01
5.753843089449343084e-01
5.763610314061402562e-01
5.795687651003479379e-01
5.623242951827074343e-01
5.668495416893529759e-01
5.719196701680541173e-01
5.674883269128345731e-01
5.551498231433686925e-01
5.540238883003355541e-01
5.443993473305273056e-01
5.564948911893935479e-01
5.507494343588591468e-01
5.482107735815502370e-01
5.415609572425721385e-01
5.343909727265595544e-01
5.351882455840942798e-01
5.363706343262283349e-01
5.405883005308727007e-01
5.272414284029965925e-01
5.263347228494270613e-01
5.334110738234545401e-01
5.271254470676340897e-01
5.183146106755291971e-01
5.158677711562504875e-01
5.168790282963444671e-01
5.183422566658605346e-01
5.200467089559666078e-01
5.113303052243731717e-01
5.159795584375895805e-01
5.083221568253936118e-01
5.117291775203886006e-01
5.080515946786869907e-01
5.096323341288894193e-01
4.999157946071927650e-01
5.086672519565259565e-01
5.092170531661421862e-01
4.996227255573978954e-01
5.001528559159980070e-01
4.936425109830482882e-01
5.023913355731459696e-01
4.882257579874109132e-01
4.911756503014337305e-01
4.960732048844534448e-01
4.851308428988885812e-01
4.842711228668374335e-01
4.845533984426468321e-01
4.814754736486566156e-01
4.925384131815067623e-01
4.841371881772601471e-01
4.835661532260753237e-01
4.773272717692864653e-01
4.701159003802708458e-01
4.769856121868052967e-01
4.778521678435108666e-01
4.747203910918462721e-01
4.789470726598507588e-01
4.649994175459342127e-01
4.679796986226682498e-01
4.671359324092587695e-01
4.561085446612545002e-01
4.707651069555333079e-01
4.567398273124896879e-01
4.666722041589242420e-01
4.643778911154106126e-01
4.630588463311473002e-01
4.616667281130634182e-01
4.634743645897618225e-01
4.592340574441132750e-01
4.616170546175941691e-01
4.540056217536724281e-01
4.589427274497097642e-01
4.500202355182990610e-01
4.469596712929861937e-01
4.668831599736339988e-01
4.519684326964080734e-01
