0	-117.26141013783105	40.77873997504782	147.7979115543691	20	1.7635877484578835	0.0005490095276561819	0.0008323393310801805
1	105.33309519433718	-64.78502645454624	161.79984597561236	25	2.7430530045958883	0.0009692156748180342	0.0007534191647689452
2	31.64063303637987	-1.9560072815277418	113.1745091664378	15	1.808175808853911	0.0008239271063880519	0.000999128948846278
3	158.31237368083353	7.579332903725545	-178.28446555939644	24	1.7892276733144579	0.00077387620622435	0.0009844643365426787
4	70.82814441389777	-1.6461022363652502	11.31849197758753	19	2.941018863684567	0.0007311354112398594	0.0008039808071473748
5	48.40053851786717	-59.49939930930079	-155.69213265649972	28	1.894983235959931	0.0008791433646332687	0.0006213119876444754
6	-18.294101918117097	-57.32721651834966	142.58125704136475	18	1.9837090596154334	0.0006721823901056493	0.0006376602278875014
7	113.80551856463279	2.0847592064440787	-137.50284682740363	25	2.285628831700924	0.0007345768858554295	0.0005007581185988302
8	-15.8807386110375	65.61949813072863	117.80641104584559	16	2.5658800183553665	0.0008345943871363676	0.0005388676283566555
9	74.09270633383943	-71.30538271059089	38.97145464541305	22	2.150221905347834	0.000569081494306113	0.0006446586204703163
10	-158.71716045664715	-26.785660585834545	-126.55080968055528	22	2.4687792743807067	0.0009441135853348303	0.000901739099166827
11	57.98576889619643	18.831880977917624	-179.94577979004012	29	2.8125605835628478	0.0008181059787332021	0.0005433841442687727
12	148.6877274125799	-13.976889700624609	-46.43309994076908	26	2.3626863268360623	0.0008444541343968575	0.0006553575453432086
13	-65.06103062674465	80.74492848449681	-126.78840311643275	17	2.798365842233239	0.0006070874732671728	0.0007273278692531942
14	146.68894295254	7.401677999670589	-165.69252557331333	18	2.0084388476854826	0.0006172730885534392	0.0008371732310902004
15	-167.61340411776374	21.07442967328506	153.39847262839234	26	1.8199744075549162	0.000915380327768652	0.0008698224635866594
16	161.97103486830562	-25.69212144913503	-87.92635011916738	22	1.7402529533967295	0.0006342680496957184	0.0009380227582400613
17	4.268562797562019	6.510764201706926	95.3433435840257	15	2.353806549335065	0.0006455168460775695	0.0006864921140511092
18	-76.3249804946111	-31.966336518144924	-3.196172534353127	22	1.733050190431313	0.0005585545530142463	0.0007787385125085087
19	75.14837370057704	0.6028908118305246	-178.53935380623562	23	1.8918643284912873	0.0009592820086610927	0.0006838118364883212
20	114.84677310134053	-59.723507848332	-47.7093581856006	29	2.747272817905066	0.0005397966732401798	0.0006103813785662812
21	70.64637674286931	9.087477432393232	-116.64941035400535	22	1.7158690676647759	0.0008481794207348305	0.0007894408657340782
22	-110.4110918360841	-16.360276575348102	11.895005502721432	24	1.793132445985818	0.0007151286816102801	0.0008610934118071683
23	113.35261813435422	53.55124751662194	126.03526557922301	26	2.8789187492027994	0.0005898128802494223	0.0009423840318427729
24	-145.39976444404954	-51.124261657864686	59.63815441967804	26	1.8941030350359234	0.0009291161754088767	0.0007476738151173756
25	-16.61210764577101	23.03524437436381	-85.49527708980148	22	2.311050334166674	0.0009750652369910267	0.0009143609662264243
26	140.28393371884283	-46.168886343134695	80.53157467302124	21	2.2624821216320368	0.000678779260397584	0.0007872023945117209
27	-137.14178370519724	-30.98933931352832	-50.03187859688746	26	2.425392716606533	0.0008240761587807046	0.0008205907050679088
28	-125.15140834541785	17.418909739461345	128.00470373733057	21	1.673550214696899	0.000878487372436885	0.0006223381516428616
29	176.1297557221876	-69.76644381845428	131.6736008067111	28	2.611574004542314	0.0009729618946043843	0.0007999950250199036
30	8.845184853298576	5.44502701763651	-57.43966333977142	19	1.8278952042998815	0.0009796809564058106	0.0005189221863484537
31	54.97529375906192	-81.92225802399389	23.200033418898254	29	2.841295737777921	0.0006368087892551113	0.000501177489042447
32	-6.407260244266992	-38.02409327061799	76.51897511965292	16	2.4786998501244013	0.0007414556827935558	0.0005506752319477285
33	-24.185689087401236	-16.196169262095413	-48.32437597719847	22	2.542537153119875	0.0007806040841375416	0.0006788201316522728
34	140.98619794803415	4.033688913326441	143.19560691710097	15	2.8733477355194106	0.0009222185978298649	0.0009259107509416947
35	-80.2084760897771	35.18876972586711	112.6598113519753	25	1.6776731407004408	0.0008839415741295771	0.0006302649460830598
36	100.09303232432708	-19.220301919160732	82.43495190976033	26	1.603410141537915	0.0006880427528231627	0.0005054845068740611
37	-70.90150838118458	41.31242285269271	-100.43100282897278	16	1.8252388661352845	0.0008466947386074789	0.0007287936438643212
38	-21.27941893466283	38.80852234122158	-143.63244424349946	28	2.9421234144267077	0.0006842443202903003	0.0005199747698921623
39	-15.423049975891425	-30.767790573065437	-22.007672916111794	24	1.7524157104855984	0.0005469616787432282	0.0009211140876153735
40	136.72363652905176	9.364710718593987	155.58168068583225	24	1.709577674542746	0.0007122786573087035	0.0008880961235127678
41	82.27060755649752	43.923136876320044	-91.64084747990034	16	1.666175489281875	0.0006772186197372379	0.0006942541899129719
42	92.84787300240232	-63.523865755308336	-62.64015638006732	27	1.8135950483592669	0.0008180093912676992	0.0008854458512025329
43	8.278838007758866	-29.080174219421643	48.175648088739315	19	2.913368024976416	0.0005872279578856648	0.0009359394924025623
44	-22.270916656048875	-20.45129695782313	46.789946296859505	17	2.3975517727548183	0.0008331359480519904	0.0005418203856924892
45	59.48991704986209	10.62202329608525	-157.51416648247343	19	1.7113909085905425	0.0007246203032022795	0.0008362338788752378
46	-71.23014114717498	43.677628503764744	-146.5607615564523	19	2.6542465144473537	0.0005896887187648665	0.0009482962073011803
47	-99.32611322254273	-81.56558281528491	-136.8690308514983	26	2.444332651406998	0.0005612338527659513	0.000856732882352529
48	164.89337929676358	-48.49025798411318	-29.997924544240718	17	1.6829176428061272	0.000519560096186543	0.0005819744754793296
49	-111.7121790913613	-67.66719687859873	106.52431489316871	17	2.9512793527214645	0.0009874659597350396	0.0005564474860244978
50	-72.01654052230738	-40.806228407315814	149.45211203248545	17	2.306410295931113	0.0008440860667765197	0.0007149630364723409
51	-120.69531652881528	49.638544991752475	-56.257770469649266	29	2.4436372474647228	0.0006607794702979477	0.0008758519595578494
52	-73.27534902389469	2.171779779794406	23.310610346059573	23	2.8349299439862934	0.0008816399141460341	0.000641717477737583
53	2.4982854907893537	-10.102967587536678	-36.56662220594924	22	1.7826584103444136	0.0006365724540808669	0.000995147358968948
54	-128.9675996430545	11.448926957896271	-178.01174693472313	28	2.3566440344231845	0.0008685817530886047	0.0009977666386583478
55	-47.49488918112926	-29.462585620687815	-86.99154452637333	27	2.254384684945214	0.000585257192631925	0.0006281238463802988
56	-6.796903737923862	-25.29686497153218	146.5756759325381	17	1.6737418504571302	0.0007367716148234681	0.0008916839950766375
57	-47.93853806558229	13.44714099697347	-139.7320095292201	25	2.505750815237766	0.000938832408967998	0.0006504053085446834
58	107.37834722725367	-19.928103162165574	0.8144690101984338	16	2.468359455183303	0.0006906130772021278	0.0006552651896074994
59	-58.01349947322716	-27.405046706585132	-120.82698081956931	16	2.0806354731024834	0.0007444954947001249	0.0009972175143145956
60	-118.7649824738807	30.216969359102812	-33.058152493804116	29	1.639316070146474	0.000841784090560077	0.0006584604948562701
61	34.25945709548974	-26.392283479822655	-164.98706691804375	26	2.2078829670053444	0.0008689365833751798	0.0005831623526816209
62	76.97427065041512	9.601105190510754	-26.828493548536795	18	1.7756733734688022	0.0005757914109192534	0.0009417905554182501
63	-44.877459381510775	-46.02862545559907	-41.908081907506826	20	1.5203461786345982	0.000699690933426035	0.000506499851050132
64	7.752525320465468	3.223630494516399	47.37267596424093	28	2.454985047448262	0.0006695206250019114	0.0005550557467085853
65	170.0879803041809	-11.604801007544895	-24.84054759200306	21	1.731842326629362	0.0007776654982745276	0.0009190978140734528
66	142.5777221422597	-43.67752078114428	-130.57350559514396	27	2.118488708559011	0.0009225769580715852	0.0006034083999481969
67	-99.85108758526016	-25.381254961054662	76.14325748521311	18	2.3002748736156713	0.0009280967801462655	0.0009801061580326474
68	-157.8267373156823	-8.775388844644443	13.410016942188786	15	2.0169109057990937	0.0005341218282500116	0.0007172996301928419
69	123.47133100139041	-68.29738431969766	-88.91020751997628	25	1.757491832253835	0.0007674191597817551	0.0008742873395948627
70	69.11578383100286	14.058416916426689	-171.51480390943678	18	2.12991219329406	0.0006942168959605699	0.0006331469882459081
71	-93.46515218784155	-5.280179516144071	53.94073174013125	24	1.9052878488012432	0.000827977674157426	0.0008340207236417334
72	128.98749558907556	-75.91452860618507	-173.8466078899839	21	2.542998416168176	0.0005416121328250416	0.0009593121076404569
73	-146.28607369935563	32.413949734523044	-99.26696687882007	25	2.702058236283313	0.0009160554471619917	0.0007993286907123681
74	-9.198508003535027	-39.203810121624976	71.27278306591019	29	2.9416264987273317	0.0005140392594248395	0.0007461199270106244
75	61.83377737172222	-28.30612163392504	33.16571639861309	27	2.981842665142093	0.0007492434770349392	0.0009383760125951612
76	52.04450924023685	-3.547421901987802	92.56226583227	19	2.52214775085766	0.000524215652553451	0.0007394764907294803
77	117.25758827369135	-1.408587439011984	-179.9681607677063	15	2.012749875672803	0.0007045292615472506	0.0006781869588271747
78	20.23329702464039	46.53325128061738	3.3018602279408356	26	1.8560811591336217	0.0009803226295382478	0.0007840372306025282
79	-73.8021874031711	26.21355068979549	-19.129900801414525	27	2.7371646619280483	0.0008282756057617006	0.0005624144149383527
80	149.65180101811592	59.74319640557302	160.45564708983323	28	1.6935555871430004	0.0005704104459729038	0.0008584587247304952
81	74.98485771028915	-23.745078853500974	2.737430484564271	24	2.206689544181056	0.0009606339221162627	0.0007347180862342652
82	-49.87402187354316	-82.93612031711962	-134.7500087302521	27	1.929294780215386	0.0005106360355573697	0.0007990187608581656
83	30.283663528102988	38.505267375517064	176.45517882707458	29	2.8164421399125894	0.0007352632919662742	0.0007594947769521825
84	11.178541340656642	-76.12939202838145	-15.21572409103575	19	1.692237216220584	0.0009904084364481289	0.0007465654684084932
85	148.85445745399034	-23.824532183251517	143.20026052442438	27	2.745803144140539	0.000794587185239018	0.0009636767988629243
86	72.05164326027707	62.55913557088999	-102.56512436749104	24	1.9294420145287003	0.0005462702914045612	0.0007858544905085331
87	-60.48968482347108	-12.42025907812874	-162.11459771297862	16	2.1503107572601388	0.0008450035879321325	0.0006555178745263476
88	-141.91100270158375	-12.19147430873706	-163.5845813696186	26	2.2023966086956897	0.0005706281608900203	0.0008582698780812744
89	147.37030080270262	41.477509914707454	-62.563843394648714	15	1.7698023005100723	0.0008766877744728793	0.0005331299123570403
90	175.27408610100065	12.791399734603793	68.59878179089002	22	2.3300299458456695	0.0008747389147868959	0.0005012887315088036
91	176.88193750269235	-16.72762417254767	116.90631270992736	21	1.7048722985107156	0.0007363943686163813	0.0006185003715926645
92	-122.49445855569911	-46.39272346422398	-46.77156974902611	22	1.526914458207018	0.0009447715068151574	0.0006229850740631356
93	-21.12443141279957	41.44223485789658	-107.52582265054926	23	2.2450144345407055	0.0006012518396684197	0.0005838981028390683
94	70.83107456717852	-51.007355297415046	-103.78196762974777	18	2.2248926047038555	0.0007380369358423069	0.0008164596006094698
95	72.42585101991943	29.00918829401203	126.3390614982078	25	1.8645698009272915	0.0009700122102609125	0.0005848933053210727
96	14.494378681333046	75.5478472903727	108.80358492543147	17	2.7780379648162077	0.0005323918981583611	0.0006899940111842854
97	-29.569868703354476	45.77914490707784	-141.33605759844926	19	2.7273821504162106	0.0007449048423218603	0.0005177776233382615
98	107.50934580917131	-30.777221478329253	-175.54145412481557	22	1.6647010218062166	0.0006420647015506243	0.0005686313290043638
99	-51.6824380715792	-50.75322649721743	103.97224352369112	22	2.0342024751623944	0.0005400574494430877	0.0009783231484876069
0	-161.62370177991383	10.034568334957278	1.0068602029650535	21	2.2460146639810494	0.0006376907319823494	0.000527747651196749
1	49.06968166635348	-25.465532321852905	137.0411225197713	18	2.721122848405967	0.0008758805150874867	0.0008617772613678472
2	89.44164564225834	-44.10603921710672	-126.24014056009742	15	1.6185130630675002	0.0006664250642424344	0.0007884018485518978
3	-79.2867866853038	3.6095378579303117	-117.8146638773302	24	1.9961214367282707	0.000621574933301555	0.0006516489337170682
4	-161.0890261556444	24.944411821851592	133.51989117438762	16	1.5066427287744415	0.0008668071890235044	0.0005973477638699492
5	-12.367208986500797	-36.09795332625274	-66.7932552419636	23	1.640990209131088	0.0007119245468044062	0.0006139196258496298
6	-136.47460027736983	39.21642794908252	102.0616908656429	21	2.281190083758793	0.0005406360617345514	0.0007913430233678713
7	76.21019770912791	-61.6153077529118	82.05526545900162	18	2.6631540432253287	0.0007399652502420096	0.000680773729549608
8	-24.02891531357213	47.487587310514805	45.68742286828344	21	2.5429605381917524	0.0007798732554027779	0.0007648424476601165
9	-6.848740265938457	-28.205306957400555	72.05526626098286	23	2.6942420159668017	0.0005788633194542256	0.0009518935437501359
10	59.224752059127574	-71.4278289293727	69.48907305487347	22	2.4018237233398603	0.0009612602539329435	0.0005810391295641635
11	159.96111651979461	-17.14506613934849	22.502923140986795	29	2.4877259083384766	0.0006866503219111547	0.0007097222131427121
12	-169.90366414344678	2.761716790311461	169.3923047333661	18	2.260309961323019	0.0008488296571140555	0.0007523632631034332
13	134.29075066590175	-19.965886355446642	-44.69554942028667	28	1.7909102192498758	0.0006793729279055034	0.0007457161656264089
14	160.76975404519143	-5.402886054362316	87.61886299027464	24	2.8151869403445255	0.0008926946787307906	0.0006337386082040673
15	24.3548329937928	-17.586755528065503	139.00652943336664	25	2.964951503701468	0.000950901752481981	0.0009982929205749772
16	-102.1130602822101	1.5399547716725241	-157.13691390723156	29	2.579652639886209	0.0009275167645442166	0.0007846826744530543
17	130.4732727170227	46.109701583938296	-46.74867275877985	23	2.0032161184945827	0.0009122431820433718	0.0006824148328872127
18	-50.28877486115996	-1.0629130058531384	-75.0564574443257	19	2.6419988951993005	0.0005681270251825009	0.0007432485037251196
19	16.36380605358705	-83.35461231655756	152.56483613742182	19	2.391508315613933	0.0007926402579455339	0.0006722554659417265
20	77.17506436246055	16.42568708698961	61.01318627198465	27	1.5542868111198835	0.0007428479086220262	0.0009684599653417814
21	-122.45536796043761	-28.55215144756461	-109.20837660305082	28	2.0998451219433294	0.0005324845020334427	0.0005012573383813538
22	-173.22847075398957	-15.827669057042703	-36.26738729264967	26	2.292075774970236	0.0009954312421323564	0.0009459940980976113
23	-91.55858481210892	56.11046544841408	-54.22438473504312	15	2.137752143062075	0.000814807142721401	0.0005147534021243847
24	-106.78596537153322	54.23958989445198	166.15671445363188	16	2.8623523267048223	0.0007333732343151001	0.000784906780294645
25	-20.06730785495663	-40.323877120910026	-65.15965217233096	24	2.7524644361773225	0.0009856121676126844	0.0006247009948859162
26	176.39531093299718	23.982856546280292	81.86835951343372	26	2.563831571742007	0.0008511373006497255	0.0007381289497297004
27	118.27264710310689	22.982119087678118	-90.22045560926375	15	2.597691120477065	0.0008766804033223617	0.0007529122628822582
28	-76.15071299303416	-43.251282125441385	-171.3760050118699	23	2.8151317655095336	0.0005408522061527999	0.0008191798900114214
29	-126.37770501258508	-21.389130642161074	27.717058338575804	28	2.7611933698204867	0.000603420768695465	0.0005592450808912853
30	13.916227967577404	-49.47575297963706	-132.26348312692642	27	1.5490076301049047	0.0009350415098031933	0.0006379013007761676
31	-76.0352357878999	-62.81999218973948	141.32321593746104	29	2.1866499735680813	0.0008429633292925514	0.0008740194465873857
32	160.6387620462766	-27.096750218378993	44.26094946392312	24	2.646646933398995	0.0009398647197120511	0.0006883841608142109
33	-14.779938249832522	-50.7507783482736	-25.900768284524105	19	2.09310944121599	0.000546871508539334	0.000794188290418346
34	8.782405726054495	30.154195458432085	-80.54263470498508	15	1.6608806737846904	0.0008266495999368787	0.0009215930225898498
35	-113.32590630009479	-25.331274636605297	-117.83621990440744	18	2.7903235515063605	0.0009155975104173805	0.000538546933286255
36	15.87405484159881	-69.56414475850842	-2.7730402792555933	27	2.108140647865292	0.0007187175438280752	0.0006846602893768142
37	-89.27975816008697	-18.725430424429042	-46.710172758347376	20	1.772397100102658	0.0009993355610135061	0.0005629352502987701
38	-129.12719082866815	-0.9456172754811597	17.58901259817257	17	2.52525569146625	0.0007760444220356229	0.0006083998870309236
39	-72.32994505651402	7.70394074345885	-7.050746094177519	23	2.784084507948305	0.0007011910654880784	0.000724713295468082
40	136.32333152792393	6.451703668277251	147.4630672204853	17	2.9580049251638396	0.0006064605566352202	0.0005689445513261171
41	-63.0413329312289	-30.816751056022845	-106.10477915131406	29	1.7665924035225342	0.0006591274703451165	0.0007661837615462468
42	-88.32307521272521	-12.002767526877403	-72.77237605359376	19	1.619157187247992	0.0009948533374972493	0.0007258526708665493
43	-9.861777409167015	-16.34906859336591	-91.22926466859175	20	2.90666712112456	0.0009917569646082068	0.0008739178334082171
44	135.530763080101	-53.2310386290342	20.170475709160666	18	1.687712621731054	0.0009444410417812558	0.0008281339471394971
45	-4.533710283801561	-57.92263872040302	-10.704777391625385	17	1.9395951963533298	0.000590116683365879	0.0008550071089457208
46	-32.03956051888787	-7.743528384394646	173.3938465494343	21	1.5335982076228918	0.0009421430931308538	0.0006504792495977916
47	90.72172493541254	-6.901734699348682	-47.19353689935722	26	1.5733182983055174	0.0006590538636563638	0.0008242410145700865
48	-89.58075781041548	-58.766133650536	-110.65238149719663	21	1.6445711818951547	0.0007081176945879851	0.0009818191066790468
49	163.49992908411878	-63.035557121045805	155.4308062748648	24	2.6342727233537695	0.000723373298330229	0.0005447587084985173
50	-105.75381169429457	37.37203209517081	-11.536261085469796	17	2.0870856584460586	0.0006637805803967699	0.0008188572332561369
51	139.78165146626162	34.80439082232273	63.314257902302074	21	2.595747042432851	0.0008098113841921832	0.0008544200759382257
52	-65.88457970783641	-62.01548801021955	-56.91662889042885	19	2.8388229951629924	0.0007203803046929461	0.0006788157117894166
53	-10.56872557707207	35.38069827689219	-130.88236112510884	25	2.5443017183948635	0.0005408976563821516	0.0005690398907077192
54	-84.85914824733979	-1.836456076388424	95.61594020343894	24	1.7103081970876566	0.0006047745238728697	0.0005620945746064086
55	59.93780006991502	-4.791796744596592	89.61875701489164	18	2.515806267905186	0.0007029539883427239	0.0009468785204642905
56	83.99007847873007	-44.53881652923739	-43.382770307052404	16	1.8259336195370086	0.0008923844866622503	0.0009035109925940074
57	140.26402455374998	-11.159660738069052	47.113937115684905	17	2.7006650259801557	0.0007736404117293547	0.0009519189135631274
58	110.11473721579506	38.307360679431696	37.14629063669971	25	2.6770080602576467	0.0005830997564739724	0.0007444587372998498
59	-115.53573565763105	-5.046651321202636	-35.15776288522816	20	2.7404254733968707	0.0007253272790759401	0.0008055374541871146
60	-174.4442762083772	3.963024877240067	-72.04599207355028	26	2.4250205117000636	0.0007724810079425786	0.0007269196365631205
61	-20.623728759192407	-68.07257885015332	-17.813525413164346	19	1.5555454143424692	0.0009026453672445916	0.0008323059017386837
62	-176.1629743414512	47.496430485526275	-170.68988531258162	16	2.316233412118171	0.0009345299445161193	0.0008635816138482143
63	39.930110934307166	25.708182552464635	87.77038773337543	29	2.19651413492886	0.0008534148813919184	0.0005621765183426427
64	76.48263222600532	-5.809012113158307	150.35183350381536	22	2.1114973554081686	0.0007086611808066059	0.0005367935743910333
65	148.97963141393632	38.28634679293792	67.31301172348857	21	2.5322906733859547	0.0005901744460040002	0.0008540582474362107
66	50.24221388077321	29.824381168408124	23.228415641079785	28	1.8228521330049479	0.0006313102374807495	0.0007517091003158105
67	49.65122408021764	-11.443523017242551	-141.40206024511525	27	1.6501886433819977	0.0009265011088669286	0.0009538190142785956
68	60.72806100862769	-57.491609109391845	179.5378393300928	27	2.8061431543637148	0.0009460503804341396	0.0007012498818578154
69	-85.82257110932638	43.94614715392308	142.522315390406	23	2.065252704815224	0.0009803054498894164	0.0006563175042893335
70	-141.76079358031643	61.52100368679573	-62.94224978766899	20	2.1421143830532055	0.0007322447833060376	0.000618734084313698
71	-27.391722168669897	25.74464118179229	-12.469102827433465	23	1.5892944962272542	0.0007181078458068068	0.0007929126860738595
72	-72.0947511751531	-30.485390234965045	3.1984841417840912	23	2.5624507133568533	0.0005925857548212248	0.0007182556213646263
73	115.22506633339245	73.81289195874116	-28.335662792973043	19	2.272526789029155	0.0008235148677049714	0.0007728855599801652
74	153.37266463359722	-54.36029263115253	145.48485086978195	28	1.5185265850616512	0.0007360516234674583	0.0005329890540078536
75	-175.09969728685675	22.0178966408661	-37.05527784984826	22	2.580517271939159	0.0009020314178531455	0.0006403606864293591
76	-107.63276111308188	-70.33638082518448	-168.91552026363172	28	2.8884257097477666	0.000831909614231648	0.0006710104807209833
77	-168.51969887760623	-21.95099955025182	-82.62313775877048	26	1.651038385471364	0.0007878922499786642	0.0007528444902831462
78	133.32147948843627	-29.229695847041707	130.13658762655788	23	2.6220743089943115	0.0006029125003964504	0.0007092027597931691
79	105.56736177624768	14.309540398640271	116.53154917046534	24	2.069895903684219	0.0009949731337927632	0.0009464163068768294
80	-128.3953282561954	-43.33366986524843	17.857925329123436	18	2.7200278354824063	0.0009184137699211796	0.000996631376186399
81	-5.926825603761552	44.96248275428441	156.98669998899803	25	2.765806046495018	0.0009275114712618284	0.0009467314875016772
82	22.978115383502086	-73.17460212782906	-48.5555339785439	23	1.6935268184658137	0.0007592671248103877	0.0005380665044555161
83	-11.881954537394657	-33.62591625013743	18.53962694228548	17	2.75616447707775	0.0009476735139078924	0.0006236706716490174
84	-65.19824491644066	55.78658265201309	57.707589722033426	29	2.9431107340190827	0.0006966712256334883	0.0007325416198340035
85	3.2671382460956426	-39.57378923481274	19.69502957851667	16	2.3985806492625774	0.0008338537763918883	0.0009560769662230663
86	115.72109451918197	-28.669368311404597	47.67879632427078	19	1.9993948908960966	0.0005006721743520583	0.0006450449082449979
87	109.27121696521549	-47.37115407630592	84.75993343962098	24	1.9423027624040041	0.0006567616561610977	0.0008259302461475064
88	77.18142078196796	-65.49862966653238	-18.242878390502188	20	2.16844927989634	0.0009415431144362433	0.0008001589914693615
89	-126.70177710397638	49.2842142718098	42.11811252050663	26	1.920457440691867	0.000774726471723193	0.0009574360353263496
90	-7.768936560900448	62.302949875777145	173.18445756932596	15	1.9774843927751726	0.0006656633545708162	0.0009836955430650345
91	73.24521154029213	66.41466308567	-41.00308700577553	21	2.2877475806594934	0.0008649852051910098	0.0009565841105001751
92	50.732894312789725	32.98872613870048	-179.1405519242725	26	1.7509830909692827	0.0005292014856265498	0.0007485080435320091
93	-62.310658683859295	-5.192457364649486	154.10942769706892	22	2.7507539248296533	0.0005315866953280509	0.0009199470215479483
94	-11.30282707250919	61.32435387589467	-151.10858315353562	19	1.5157274991695022	0.0009134234076712785	0.0009670913048145335
95	119.82652083863587	-18.91397802868126	123.49153743825794	15	2.4696433164021947	0.0008110042239514313	0.000773482210216515
96	68.34115038682724	35.7211285878942	79.06802397230622	22	1.5830194013109773	0.0005053292784682347	0.0008689519219026645
97	-111.66742941369534	6.479591800842396	-113.97707943228741	27	2.6103391682724375	0.0009597560349800285	0.0006752475904807664
98	-3.0923191982923433	-64.53345035862277	34.62619949743366	19	1.8929318370359207	0.000815422103042112	0.0008874178004187796
99	-42.31525638038656	-20.806245439417616	26.080653939643618	26	2.922694922525646	0.0009733290227695686	0.0005591723895491549
0	-151.9071619416045	9.685767166464199	-84.38008172477018	22	2.5390572692129734	0.00011296708130341854	0.00026068057966637426
1	33.21925347865845	-8.510691818319634	3.231656629478686	21	1.575616552551009	0.00024281768043707207	0.00036709529389328537
2	-171.0798120728921	-22.938719141475236	-134.59563388095447	27	2.917705772307521	0.0004203594042889097	0.00019977893464766955
3	25.742645493924826	-41.416379869574506	-131.53757881544408	23	2.7207407577349176	0.00022537100110768684	0.0004578624217756464
4	-18.879283068365314	48.56459929595997	-140.57292928928658	24	2.692689579821262	0.0003431943002097026	0.00036566120240043634
5	124.60511139955152	-25.81688775942856	81.34892439131485	25	2.9770327188985455	0.000228310190938113	0.00020842591756307742
6	164.05415408915601	39.8228150759352	75.2563562773344	20	1.6994708022586849	0.0004468662157604159	0.00031884160600543956
7	115.75329702534027	42.63835446761854	174.26740669727494	19	1.9843044270285524	0.0003088048381129319	0.0003730812483298976
8	-156.86713287876896	16.025661985881335	-168.3775732399093	28	1.511273376994136	0.0003855785782026031	0.0001543472277807322
9	-153.759468596093	70.86172722290802	-124.05147229541024	18	2.2923476938964162	0.0002896667666032618	0.00046372490077423455
10	-145.83699526713556	-26.15418691137671	12.074697126771001	21	1.5550607500882303	0.00021466426235237321	0.00033681671985161515
11	67.14484491664395	-65.52019121457232	-117.72415113436705	27	2.5334969499759747	0.00018139314702016526	0.00014684726952003847
12	-143.71841045926834	-42.60960488605969	-105.29832486560814	22	2.2309849684736403	0.00041414880257805244	0.000345797828143763
13	137.79802418131268	25.18288854822173	21.617840821584455	24	2.753044367355109	0.00023024007687626793	0.0003259890774160582
14	-51.358546385070746	69.20006525149658	141.46548895608717	19	2.5894452788135727	0.00014096523136740782	0.0004940371766450544
15	-71.88396931967318	7.4892487530222365	-178.63362303454022	19	2.60500542546293	0.00018733313065412226	0.0001791834508863219
16	-86.37689261289081	36.92048346396279	59.66745076980653	18	2.9938839614222066	0.0003126711533177278	0.00029569877839587716
17	79.81294401619564	-17.00898162960909	-35.30790454576535	22	2.212070750880286	0.00018319610897292882	0.0003378700829778535
18	52.22389936816307	80.12116550447386	-36.97491352355429	19	1.7471301252371316	0.0003104757707070949	0.0004940013852028788
19	-3.271757131226093	44.2670706130509	89.0144296844241	26	1.9848777594406264	0.00042762180473372214	0.00011062185901929752
20	-18.667733300700625	19.75891307914506	-65.79397572665097	18	1.8779722103103786	0.00019013277131353195	0.0003667022814356445
21	-56.13080771216459	-7.657430240110672	-114.73247709327416	23	2.5829786239156243	0.0003637212594882455	0.00028173904277048077
22	-72.24857893536856	-35.09143568973497	66.449027396901	17	2.1242392836467836	0.00015629560214110134	0.0002486347791662158
23	-160.5160695090512	64.39046206138231	-11.215769380777079	23	1.6789730907566809	0.00018240132385901394	0.00020343580064086493
24	75.54620519197174	-9.645517389071953	-137.46010074314364	15	1.6110496703010024	0.0004134619801933556	0.00047250272259763274
25	-148.81258136061624	-56.34491777248581	33.95445656417227	19	2.2161938198972897	0.00030676880876775444	0.0004152033746197513
26	-32.269456443906556	-27.9539119435838	-76.82554660963059	24	1.8777564630958496	0.00017815975827108346	0.00016569899436038498
27	49.358171728681775	-58.10657941034133	178.26430135064854	27	1.9388052421125819	0.00015069123845022934	0.00020898438365321136
28	116.22307228686782	26.992308118112934	-21.46901273777771	19	2.278829265005674	0.00015267460950282202	0.0004896329018005013
29	90.2904217078897	-28.708653553505023	44.67860927724959	29	2.8260589348560545	0.00028591605315680827	0.00017962092445160957
30	3.1372901676080924	-43.57337683704312	-80.24047496653823	19	2.580623451519419	0.00029796924067467326	0.00041559956501911776
31	-84.55796061630953	-21.815207254679628	-79.184335670975	26	2.8423818776168934	0.00023911544365039727	0.00031198645350643113
32	170.01727590722604	-67.32417940627916	104.53939097400274	16	2.8009531730433688	0.0004484025385545308	0.0001606050840731971
33	111.48042188429253	36.66759456916893	146.22367053069044	18	1.7989849447470663	0.0004077115867073745	0.00018547437436193818
34	-20.665246642227938	-18.532830287073317	156.44327415397575	22	1.5722983888401614	0.00027604543193215003	0.0003030686905804266
35	71.2155524883859	-66.55660082945313	-5.913579025099471	29	2.7133541165090684	0.0004700447258236259	0.00017066764636298608
36	25.848135449028536	-36.91367792277365	17.933784956585463	15	1.7115317885879149	0.00041015704908977616	0.0004471289279377938
37	96.7881637442812	35.298571068165465	-101.1767750343392	20	2.515498194439023	0.0004031624228964097	0.00036474254646231316
38	103.303396060075	-20.43033630626787	-14.365674071099109	28	1.8949885626513359	0.0002606223096254447	0.00026589490178170164
39	-4.682246980885659	31.668859256919248	-9.063274040105872	19	1.733045179613887	0.00016671826276186462	0.00033618861184348176
40	169.64781101922662	36.72656866836987	-147.31713851405635	27	1.5324658217599725	0.00036652297467221575	0.00014221367696877902
41	-14.151203341401118	-50.65143971945577	-120.84276768229546	24	2.6338272360000534	0.00023391134743235394	0.00024029179569119436
42	-160.15741122092052	57.48628227129664	-160.7240617084094	24	2.873729084961389	0.00036785796547532477	0.000383497203094521
43	-112.97873861457857	33.77272543415901	-115.35124221810845	21	1.6493192119846833	0.0004875008193746878	0.00035582140403658477
44	35.778121162972994	57.0588179137545	-14.04238129267701	19	2.8993638487729543	0.00024398994024831428	0.00011964960652004371
45	-118.85407281412992	-6.7307988109973715	93.95492673308192	19	2.1959800634120996	0.00034019765168704307	0.0003347255870430253
46	100.63895152923294	-17.068938664622834	114.71165183578596	15	1.7564314033042987	0.00026046599502662255	0.00013368595379489238
47	178.01878155217358	61.93866710570145	36.835205601399544	18	2.761482304637165	0.00044979810945008263	0.0004873811957187777
48	99.00077708254038	-32.29679828015119	-15.415004420322493	20	2.618409784127103	0.00020210898540613895	0.00031977143258237053
49	-145.44559687017374	5.4957015991594025	103.79904393030813	24	2.831358774630292	0.00040264760531314846	0.00011302630040872016
50	-124.59812931707509	28.787783840513743	28.42944057671123	21	2.5879311913507257	0.0001286594527556297	0.0001639752052478244
51	150.02254497366843	-25.438417216616514	-124.86147096276174	26	2.4115419348486387	0.0004861892488412782	0.0002458773621600866
52	89.48002550338094	16.06634442630462	-35.06874489140438	19	1.8693767044431646	0.00048156209708877153	0.00047808186463088777
53	-179.35773936885246	60.991997063173834	-46.2917043385436	25	1.8676448564557382	0.0004084193925319204	0.0002672632098944373
54	6.519465608239306	37.72045979503269	-32.68725121465257	19	1.8813017408498882	0.00031560563684370814	0.0001642033674494767
55	-95.84228533775118	-64.46556299167314	-110.8096629153699	17	2.8788272457197492	0.0003903094547898187	0.0003616482347311044
56	-71.50903155024812	11.808552567015344	149.3911610107704	25	1.9270874690435664	0.00024589410543871286	0.00044453600572388365
57	108.14052423914508	-8.59057834382993	141.93696202403555	20	2.769334920931432	0.00035564171513337837	0.0004583449490946243
58	89.02537320524087	-10.680037337579037	-166.8335365720764	27	1.5098081854853518	0.00016811423216996508	0.00020193974995763358
59	-155.71879030674305	-6.782162940696462	177.1477182793881	22	1.5998264173112202	0.0003546323215231769	0.00017177678140030498
60	-61.23354854279241	44.13256074040122	135.89823828945225	15	2.887741156081282	0.0003667079316029302	0.0004824346715198795
61	88.80760655319642	-63.49868980727334	-85.23092316716667	29	2.15711528852739	0.0004745316774723093	0.00011053063789084942
62	-89.47651473358334	37.96039504880539	31.512599518241167	18	2.0306744216753776	0.00031967878449978534	0.0003766850080878035
63	9.5657719915991	-34.739135696243466	155.9142919724443	26	1.8163897210782962	0.0003309846747262351	0.0004635857999061127
64	13.381242573261085	-1.9021971693496942	-51.9442878892222	23	2.2830409236932745	0.00040010785418570586	0.0002604308404483723
65	-117.02327076613112	-36.14651272739372	-74.71036723419994	29	1.6150786935935189	0.00024911682193098927	0.0003402824895199941
66	-123.94353758902088	24.381735501753045	94.7357635539644	29	1.5282136665405628	0.00020147904365789285	0.00032547975723855034
67	111.5485827937677	16.531384836665517	40.60227732099503	24	2.835375238199435	0.00012774256536948557	0.0003912591279111628
68	-147.58598366743908	52.277328199475996	-111.30469301072812	18	1.8601824093498955	0.00011036934496942773	0.00029237690546598193
69	-18.644842759580502	-47.89491644017509	-89.13887164762878	22	1.5216508243953977	0.0002065521371780721	0.00012822940980741044
70	20.512113951119687	32.80714424472473	-141.892620795546	20	1.6949640263265349	0.0004363024639006725	0.00041527146636842287
71	146.97737166272495	19.969799590912242	-91.72900069673203	24	2.7190196410909664	0.0001346458451487854	0.00015022405033173045
72	120.5039810732868	-7.265954048446587	-167.02318717318863	25	2.6339219309388766	0.00025333848925322824	0.0004940741597833322
73	-74.31026740237876	-74.25585208310355	114.71273387889995	27	2.553983796049014	0.00018528394696120206	0.000450439038577366
74	-140.7422396543097	16.737075736179523	-142.34290476308246	21	2.740563656400574	0.000271575073929471	0.00020683198209476525
75	46.62586473388973	-76.03459713150352	-113.2533870903334	28	2.6056666919409865	0.00012914851089065833	0.0002839632461176793
76	102.4314447946861	-40.055947218538385	-99.81675023159075	20	1.8603364639037656	0.0003591915981177989	0.00045308013015529086
77	-176.36554362237152	63.00967018242932	17.901056239942143	22	2.200799564039973	0.00016045176709035048	0.0004441003030043702
78	168.70136980358456	12.268813147483163	-105.30741628230827	28	2.6843568982354196	0.00014237175204057377	0.0003704544617360276
79	166.39882314197192	11.12798702128842	-77.5751953542575	15	2.3800866662690536	0.00010797908762461358	0.00015816454632880156
80	15.036774914415957	-31.94720436976009	-31.706819874501193	16	2.2094899329156608	0.0003847161588531189	0.00015407394441075464
81	-44.87090761767654	18.094537998997357	-73.10464222262573	24	1.8590866162223263	0.00046616080993426866	0.00018183080030171787
82	162.0400097363267	3.6203391102280236	-163.04776605701758	26	2.7321402243966473	0.00028632030183167853	0.00028380292662471456
83	-52.197843347345284	-10.351494927279925	25.39531629574985	26	2.9171305913947254	0.00012502278702519623	0.0003268702996603307
84	-84.2866926476993	-4.897998211916018	129.7624505097227	17	2.20159962930593	0.0001913197943781245	0.0003490483712710946
85	73.51107811166713	-9.388353872311272	126.49702403599257	18	1.9105861009963934	0.0003457620140517236	0.0002767843885589268
86	-74.0305489040826	-57.7224052933863	3.6276285126012415	20	2.5183972155379255	0.0003616454841341742	0.0001687123611349168
87	-2.9963400905757274	50.943037558141526	-129.2091620819034	26	1.6373695458659785	0.0002521853083132228	0.00015425027961550326
88	-7.348443435900461	27.154954256461117	-125.12001173431067	15	2.6885025444560293	0.000378005083534545	0.00047272919539194163
89	-25.404818218192883	-37.40827084587976	-117.88758469078178	18	2.463915519210871	0.00014031357265142865	0.00024924672490056455
90	137.95608456971988	58.331328202696525	122.85270087599729	27	2.9236656039164863	0.0003015683461887105	0.00037004111209848744
91	9.683150064821417	2.0319185326098474	-133.75721207687783	22	2.078128229914687	0.0003140288836814678	0.0001991361571685292
92	100.68925186442074	-52.26383891112187	-134.3333217592353	16	1.6139670148317233	0.0002172368652705728	0.00011349424533088067
93	16.298246203979797	-28.168139651907804	105.98802697829721	17	2.965398347663565	0.00010370345514741815	0.00027086567620341056
94	-37.21942922141937	-65.25730460095025	158.60283753099557	20	2.092265958614875	0.00044124840121489875	0.0004614788573681968
95	-59.71217591867851	2.595092082484692	-116.2485602544375	18	2.000779757499366	0.0004263297033866893	0.0004919348456166664
96	54.06990089484374	-57.72657871612998	134.31209766924727	22	2.0494018669711274	0.00019297987448020648	0.00036757555157448463
97	98.93874160914248	6.871406355610991	-101.77195282206053	28	1.5616714849649198	0.00043480683191620794	0.0004536928200604289
98	-111.19800192543809	-9.13949518014196	159.37391505038974	16	2.5705391730546125	0.0002740976730731195	0.0003012693719391939
99	-72.08019209704582	27.796905218720553	56.83729474909804	22	1.5569488981719022	0.0003783271726869425	0.00014204111822349862
0	-163.06919377354444	-36.62241889480717	-150.43500583343496	16	2.5200211309228004	0.00029754291145260613	0.00017750221037896832
1	-23.058927006287636	51.7191323020796	-68.00338293784696	22	2.0702352952149647	0.00012465142031347102	0.0002039980739229654
2	-121.712625007499	67.48944082792802	171.96166672538354	25	1.561099163932088	0.0003539658291544148	0.00023710201975173247
3	123.66559323321523	19.014043889321776	171.07602979978358	28	2.646096951970635	0.0003499166923354212	0.00025156017368379967
4	75.81619353587902	14.165112163678025	-56.032070407032165	15	2.0318025308494505	0.0003712669684473477	0.00013783299024244707
5	31.67472772232056	6.018176732537162	-93.37999751332492	17	2.557383883006557	0.0002990362474646681	0.00026592854412311746
6	94.2641184154164	73.94237578034459	-29.45451816069574	27	1.9839589305565482	0.0002610082272847188	0.00013032561534301226
7	1.6311863452644433	6.48104496238595	-68.81232868197472	15	2.8460231409358685	0.00019282688751493725	0.00048556605547046404
8	-92.00659069040307	20.67235622361796	9.666523277780387	28	2.9568146529709898	0.00012712870636918835	0.00013348805503998507
9	-90.39183385325921	-11.520259790951398	86.21243647664254	16	1.8866922525368235	0.00011408386890302588	0.00034344315987780086
10	47.50666071550618	56.38502047694623	39.19540365627984	20	2.133436046380418	0.0002076706018392653	0.000321914931043258
11	-137.0500600263044	69.00515917065545	162.26781888007866	21	2.939204059273629	0.00046742819062292075	0.0003963318420662266
12	-41.39942455383135	76.26664906944121	-53.6696353345012	18	2.824857442503186	0.00013417609130614766	0.0004615086465305343
13	-36.93031453216965	-55.36361432622733	168.49497962985814	27	2.7480177970629556	0.00011809683923121896	0.0004998426309226732
14	-63.07550560697723	41.41435794723723	-158.22198578124159	15	2.1277747420098145	0.0002676292575007945	0.00044472763047946693
15	137.36286886440217	-34.58505987933547	77.13288299198888	29	2.550779807972388	0.00043149152939162374	0.00023343134513187445
16	-16.181765143210168	6.109991895698396	-177.82645691375504	15	1.6648545947775248	0.00016659014454084104	0.00035179507063018444
17	-12.114616332078498	-53.65986812899229	108.11930372817775	17	2.8234716244962956	0.00029221652235704876	0.00031300703911954345
18	141.06077325380468	-76.03500025798135	60.66367597766033	17	2.3314341806654033	0.00017650967246009405	0.00023916477316866705
19	-7.2147997837012765	-0.44449810734084666	33.51021143212012	25	2.802417049629458	0.00020217302862230363	0.0003318893918573644
20	157.24366682921195	7.387188923501013	56.513462864664916	17	1.9926587986286484	0.0004271364025744017	0.00040956832713337857
21	75.42314345122853	37.29897788263666	114.4315711185438	15	2.540913937299865	0.00046845702186714354	0.00010504803206831751
22	-51.50873920265721	-27.387840077812758	-79.38949625761286	25	2.5668413655542155	0.0002455407399460967	0.0004917922123822959
23	57.084664632811936	-32.866786317019375	42.14836576258763	26	2.5971420507153917	0.00015013376033898995	0.00048401543075291887
24	126.53487241143634	-61.69307263998886	132.6032283427517	17	1.9856174653769167	0.00029322239564347544	0.0004940944886849092
25	95.85220745107458	-48.35015523801924	-45.26681244304704	20	2.395995672308633	0.0002272589601475699	0.00012151092549997431
26	109.33135982208685	71.38308269204853	112.8482391600623	28	2.713716884136657	0.0003967438008870451	0.0003896605325748679
27	26.252670932957827	9.903107510778332	117.1585445667115	20	2.3407381461996684	0.00033742863317855415	0.0002848762282038176
28	-131.52428036746505	40.381382091221965	111.6186124517149	24	2.9102711487080013	0.0004675272160663182	0.00043572912527809263
29	171.08268206132234	-7.842539455331313	-135.05049321554918	20	2.310265987833706	0.0002721841941117041	0.0004520329946125213
30	170.33376836615247	85.24931519413244	-135.06404571298145	29	2.708003939919696	0.00039036299627545276	0.0004031415360867178
31	137.25408446268364	17.168686557828778	-115.11985709852492	21	1.5622546526526901	0.0003533570245607276	0.0003603380509134962
32	-134.91135181422644	-74.60995538451931	10.83379115032165	24	2.049686991963314	0.00037653106694686005	0.0001059411696376702
33	-56.11893875094806	9.982270417067138	-30.214161644225573	21	1.9436931172408247	0.00016551449278577861	0.00026235082641501553
34	152.08350876802785	35.56841140996611	-2.6195454812315835	26	2.872786978077748	0.00021209469954249437	0.00010220536114300251
35	131.56180292935315	-34.713003542106996	32.57045756389889	21	1.5461954292651936	0.0001309530052552239	0.00018326405033452804
36	0.9447798724973404	64.93657528107894	0.5177938709555939	23	2.16488895926234	0.0004753743232348181	0.0002987627549244302
37	174.47486037129457	43.63684027972387	76.07402493956705	21	1.8180607266028643	0.00040379979361667085	0.00015594207525427482
38	-51.53659048481881	-44.211794042793805	36.41455448716628	17	2.7194320160085015	0.00037414093084509655	0.00020453687844521068
39	-86.43049547969754	53.36436397994867	110.68585456040545	23	1.550461289105377	0.00010958584172170567	0.0002370168063622775
40	-131.02400531124763	55.40666614086043	38.90792171324591	22	2.0924406475516597	0.0004298932783558429	0.0001578093904947186
41	-53.20562069256595	-2.759533127749676	-104.99634584598135	25	2.274121825262089	0.00040774856041318785	0.0001396576568010683
42	-138.9390017441982	-57.02679712196925	-66.84892484378304	27	1.5314504079236588	0.00041148924295057667	0.00022785848218192666
43	-157.32499334798382	4.1620610634257735	17.66723230076014	28	2.212537033435859	0.00021237807907101812	0.00027057508188344187
44	119.85775977999245	-45.80340430621069	149.5564745799106	19	2.886308451842081	0.00020772289599237125	0.0003151421093976557
45	-171.3940637602447	-62.715758769490996	122.56668643210905	20	2.7489312904503684	0.00013519850358669633	0.0004533233365671782
46	142.20471494133002	-46.06497664140473	-112.94930762289755	24	2.322436049198548	0.00014766932199072479	0.0001456045025134361
47	77.9424401900606	23.425113313100137	145.12227185931326	16	2.5610305811059844	0.0004120786758084736	0.0002639319745916844
48	24.630021344777912	43.80807229313703	111.02626647280154	19	1.5961178004984065	0.0002554058344313622	0.0002371802840478365
49	147.88025098401536	-37.590334118615246	128.64341753283816	21	2.5327569987926726	0.0003991555095487746	0.00038290468672265833
50	80.99785427556759	77.43611801021918	73.31577655689122	24	2.662539279674948	0.00015882844922846152	0.0004996842581584499
51	-101.57478379441753	70.01993014461296	-105.44408262462807	23	2.024705673990907	0.00033354956903059645	0.00030007084440082925
52	-70.18021132922478	13.541608597540812	-44.46807116385234	28	2.921453559677905	0.00041944249711900846	0.00034086141035191963
53	44.23092347387441	-29.073189092730154	31.27279680945245	22	2.605661005042031	0.00041800258814038985	0.00019453186724355704
54	-40.371289343470984	-6.962975135201762	-1.5719746600926006	19	1.5134865311103405	0.00027479655270746216	0.00014722253389022713
55	-110.59848451820037	20.745444240490947	-93.0211586730039	29	2.8562385089305824	0.0003981228370669589	0.00017788912560958196
56	-122.18910831271424	50.57050436559889	49.64720308275801	15	2.3634929368495947	0.0003131018694331835	0.00041161619462583
57	-160.48253535289214	47.54067434185524	118.2514735567498	17	1.778702996752338	0.0004702709867226362	0.0001638932341690885
58	-18.03950131569037	-9.90218293491035	-111.39695033859678	27	2.790498922326157	0.00041906017407685543	0.0003930780771239005
59	9.97962204646197	-35.96769269157722	-49.22617009181884	20	2.416831810064033	0.00023798555862751422	0.00010958747864425473
60	72.57858931260878	-47.521803836429086	-113.58640946554688	24	1.7108600379678138	0.00044559989324323033	0.00041173822246625265
61	119.37373105401355	-69.58867839776886	-109.005900010182	19	2.9547235780408183	0.0003992945832249611	0.00022649489087227026
62	-85.21586613095626	34.46367127901275	-86.48705317433642	23	2.3133485089462917	0.00010560270920038342	0.0004604674336670214
63	88.38070717283581	5.232520187755264	-14.514967115795804	17	1.9632912306701262	0.00039809157502566624	0.00041504206552190064
64	18.163627806026163	68.62192141891762	101.50406669186879	15	2.1165298778806187	0.00014706780407179078	0.000326073473237136
65	-160.20532541308594	-0.9281700741595594	19.22628635535781	24	1.5007992984371805	0.00024998005398231115	0.0001103182597038888
66	-170.76925482448866	-26.68003124143341	62.10315564972193	29	2.5207181443787334	0.00015779213125895425	0.0001541029512880488
67	-70.11034298130502	-38.3658868570033	64.81613999525621	18	2.8900012682665093	0.00024573530046879873	0.0002938767422842612
68	-88.64194446308522	48.98995807412647	95.34572916351934	27	1.6916407615576339	0.00013164511321106	0.0004972721252213859
69	87.02042594756999	-54.131470561527976	105.85328797885651	25	2.296689372219558	0.0002452564156365127	0.00027380020415262453
70	-17.596559198280254	-19.128447298730407	2.6127291057664266	16	2.379261766140142	0.00026861401936683726	0.00021813704101131015
71	172.47571097838923	-23.520396217762922	135.29479249159908	19	2.092617844137139	0.0004895473425267231	0.00033524616559252096
72	37.5679110669928	57.865371876402	-145.9961633010627	16	2.117136626677512	0.00031456076515116766	0.00026103819575510294
73	-97.95373863119634	-28.787521638076218	22.053307770000334	23	1.5436828313634283	0.0004831782199817798	0.00011897584596130362
74	163.84861730042124	-62.540306320612984	93.1773257361999	25	1.7238386376903485	0.00021271975500818178	0.0003768348868660548
75	109.92686594256787	-9.110706149898672	154.74817087819034	28	2.3037355921793687	0.00012954257294460453	0.00014102941931433367
76	-88.84572671270266	15.688331726258776	154.9515319321017	17	2.5633762794009516	0.00048132281271108025	0.0001630994253329275
77	119.99893677269111	-27.76068121432901	174.39769792844385	16	1.694050830757329	0.000246112961060165	0.0003575911641093187
78	-24.993527534694014	67.28604739265876	9.344940181234843	25	2.465968918455327	0.00041256610680308375	0.00022013553933994238
79	-109.70422909244132	-51.80499882181609	155.0222302812479	20	1.932844054220074	0.00034049359795821645	0.0003783393176780633
80	124.43099080654493	-36.413740119273285	33.0066150022004	23	1.585169510726974	0.00021324640413616534	0.0003812207045910141
81	-161.41817430017915	-48.94773885907238	-93.38905611122725	22	1.9416541969899452	0.0003376750614903775	0.00031962549298814014
82	124.28093675221746	37.834995261518344	-74.36410054961148	16	1.7245000464824383	0.00013205799729277873	0.0003296173891481017
83	-179.5350023626869	16.602077535782023	-57.52550201314387	22	2.9295539546094274	0.0002310057379046471	0.0003051679685045193
84	-144.12495096252997	-43.90059072930329	-113.98007207835809	17	2.00373864405315	0.0003756550881083015	0.00045528213565186176
85	-0.024918953030164347	33.89438457433234	48.511208883745496	22	2.173768518759469	0.0004885749551253549	0.00014482777837236243
86	33.89123176245109	-52.84428328075913	-100.24636549560134	15	2.306124649575642	0.0003972927965399028	0.0002943929259489444
87	85.67745127103898	32.57392190139341	-79.30807220419744	19	2.734675482125086	0.0003632125099838316	0.0004609039694623601
88	159.87121345913462	-60.00464112903601	-4.86957090257156	20	2.4133175607741433	0.0003988725737447317	0.00010701207239148248
89	-96.11223046477642	-4.635764000537008	-140.89765355799818	23	2.1634100503884532	0.0003002558142462898	0.00023380419583184624
90	5.554209100504685	26.182468518003617	-38.51445114583282	19	2.6423056226247903	0.00028795730907885033	0.0003284962426682559
91	1.1248220087146366	60.44231007701357	18.04761087397876	29	1.901647870634966	0.00013606295410459118	0.0002491944227251433
92	-9.947958573669045	81.21332630676996	46.82183414845789	19	2.808044321824602	0.0004741911972207125	0.00031876262652066423
93	-46.08316122815645	-26.170738545314457	131.86966761709368	25	2.034005433295811	0.00045030457468181104	0.00011388694906633778
94	-101.55044172360004	-2.69907606237915	179.71216793498107	29	2.894344550855258	0.00035071716773450777	0.00014302851139173708
95	-127.15187337100272	-6.173446608279872	-136.7043484512768	27	1.8018015845571198	0.00019591356311228605	0.00031387973384827423
96	-17.07659983218407	31.189804434568412	-98.87418619350284	21	2.3115589507454235	0.00045479167194247775	0.0003224836431264953
97	22.864303942901145	26.043778122423785	-1.5289984375550731	16	2.7358784645431067	0.0002970438693728606	0.00042430336828418923
98	89.48910586659301	56.75515146186963	130.3064855874962	26	2.2973237614103033	0.00015589696612527498	0.0002900424818947288
99	75.73014205777332	51.45577146594215	147.42222379415844	21	2.712632917875136	0.0002941957465101633	0.00024743855398487967
