1.666137566200639741e-01
2.632804232820001311e-01
3.003703703735240427e-01
3.254497354623501759e-01
3.425925925925926152e-01
3.578835978835978593e-01
3.689947089820942439e-01
3.862433862370788784e-01
3.928571428697575918e-01
4.034391534423071302e-01
4.149735449609302518e-01
4.222751322688249043e-01
4.302645502519355514e-01
4.382539682413535420e-01
4.474603174603174471e-01
4.595767195830269269e-01
4.650793650919798350e-01
4.766666666792814255e-01
4.776719576845724347e-01
4.928571428571428825e-01
5.042857142857143371e-01
5.082010581947508099e-01
5.090476190539263701e-01
5.107407407407407174e-01
5.265079365079364804e-01
5.357142857142856984e-01
5.403174603048456204e-01
5.448148148274295499e-01
5.580423280297133193e-01
5.624338624338623971e-01
5.685714285966581016e-01
5.780423280549428222e-01
5.855555555807849810e-01
5.898941799194094004e-01
5.876190476442770816e-01
5.995238095490390551e-01
6.027513227765521897e-01
6.047619047745195209e-01
6.098412698664993359e-01
6.150793650541356294e-01
6.225925926052073844e-01
6.275132275132274673e-01
6.334920635172929249e-01
6.344973544721249636e-01
6.356613756866051901e-01
6.357142857269004743e-01
6.388359788107493831e-01
6.444444444570591735e-01
