2.097244433397969399e+00
1.825838136521596766e+00
1.698808295487095998e+00
1.622275516949002627e+00
1.571440662555593670e+00
1.526641066970017890e+00
1.486980841727483904e+00
1.458938478363884794e+00
1.433995502386143706e+00
1.413109539047120000e+00
1.390866327462372931e+00
1.368990806952986139e+00
1.349562885698187387e+00
1.331029666264851974e+00
1.308210559421115526e+00
1.293482083492178081e+00
1.278157940592084651e+00
1.256253152448664201e+00
1.241795131188851764e+00
1.224058188155845439e+00
1.197853435423008372e+00
1.191098426082146888e+00
1.170621136206167812e+00
1.156237410464614701e+00
1.136710832333438503e+00
1.131607959106485595e+00
1.110347641864150914e+00
1.100265388312163140e+00
1.070043600665198325e+00
1.071160484142404279e+00
1.050588702600468993e+00
1.033534918764911659e+00
1.020010802480909584e+00
1.008482052838360898e+00
1.004668653175313731e+00
9.863280467381553285e-01
9.747649418613898442e-01
9.672535637068370162e-01
9.612873273930221396e-01
9.423528988146907537e-01
9.324448643033466100e-01
9.277086705253237975e-01
9.061004106077568121e-01
9.072960580467547276e-01
8.936884939859783827e-01
8.981142362968000947e-01
8.893743792286625816e-01
8.744510712699284927e-01
