2.478283898305084776e-01
4.204183478572106059e-01
5.836164790952653725e-01
6.577829687705235573e-01
7.092801019198121670e-01
1.976003397748991308e-01
7.391696750918349546e-01
7.557337013974921858e-01
7.504247186365692324e-01
7.545126353790613249e-01
7.557337013974921858e-01
7.538755574558514416e-01
1.677638564577627056e-01
7.283924400100765251e-01
7.572733064598023978e-01
7.504778084519005965e-01
7.497345508727127905e-01
7.525483117434699221e-01
7.529730303420664184e-01
7.555213421108515348e-01
7.552028031176025724e-01
7.554682522702049763e-01
7.540348269145031868e-01
7.545657252070503418e-01
7.553620726015695119e-01
7.604586961391397448e-01
7.573263962877913036e-01
7.548311743216798986e-01
7.580165640010173567e-01
7.590783606114268611e-01
7.617328519855595115e-01
7.590252707834379553e-01
7.531853896919949998e-01
7.531322998386908996e-01
7.562115099000231710e-01
7.544595455763876135e-01
7.622637502654491248e-01
7.553089827735804951e-01
7.541410065578234567e-01
7.597685283752833030e-01
7.572733064344872034e-01
7.570609471478465524e-01
7.572202166064981865e-01
7.567424081292823956e-01
7.573263962624761092e-01
7.581758335356145739e-01
7.672011042810797932e-01
