2.127473961700827587e+00
1.810551183495609617e+00
1.542327905010078437e+00
1.320430934213989493e+00
1.140740797762203496e+00
1.845779374694338060e+00
9.766130431692269243e-01
8.543551754207210358e-01
7.837647363546674795e-01
7.238174841950263394e-01
6.833371025256782527e-01
6.595592950022785006e-01
2.000090167714319467e+00
7.057123705190972984e-01
6.294299650911212574e-01
6.200674334056414105e-01
6.113623104345573545e-01
6.016857537349385998e-01
5.962067058534981090e-01
5.933381113486574376e-01
5.876173668035303832e-01
5.834755040475785304e-01
5.853806162974110050e-01
5.834710932912074988e-01
5.827598817841114220e-01
5.760284083920897968e-01
5.764859409994521622e-01
5.763867434662449662e-01
5.733470401267232175e-01
5.740630303276752500e-01
5.642272709382519791e-01
5.709434395688028907e-01
5.760927299616265262e-01
5.808931655578993825e-01
5.727998450521856189e-01
5.767094912258625694e-01
5.671411890415508639e-01
5.786304439954581547e-01
5.756525191488122140e-01
5.667900441241735532e-01
5.723710190809362386e-01
5.706463958597355335e-01
5.721850315586324287e-01
5.711791129926380162e-01
5.747409887338145174e-01
5.722045533392277061e-01
5.597770673804891572e-01
