1.126984126992011254e-01
1.528042328073864753e-01
2.158201058137984574e-01
2.664021164021164179e-01
2.920634920761068232e-01
3.085185185216722248e-01
3.186243386180312442e-01
3.365608465671539040e-01
3.443386243417780324e-01
3.582010582010581867e-01
3.680423280486354032e-01
3.814285714159567076e-01
3.926984127047200568e-01
4.032275132212058688e-01
4.178306878559173154e-01
4.313227513353660725e-01
4.428042328168475539e-01
4.512698412635339218e-01
4.517460317460317287e-01
4.616931216868143117e-01
4.739682539619465840e-01
4.798941798815651305e-01
4.864021164147311338e-01
4.950793650919798061e-01
4.977248677122529941e-01
5.078306878433025418e-01
5.097883598135892758e-01
5.146560846560847002e-01
5.214285714159566654e-01
5.303703703640629818e-01
5.320634920508773291e-01
5.359788359914506861e-01
5.387301587238513267e-01
5.455026455152602871e-01
5.454497354497354067e-01
5.525396825396825529e-01
5.552910053162347648e-01
5.570370370118075121e-01
5.636507936381789374e-01
5.653968254220548273e-01
5.736507936381789463e-01
5.799470899502435772e-01
5.811640211387917310e-01
5.841269841143693631e-01
5.884126984253131853e-01
5.925396825144531032e-01
5.910052910305204632e-01
5.951322751448898662e-01
5.971428571428571974e-01
6.052380952254804436e-01
6.066137566263714032e-01
6.068253968253968234e-01
6.132275132022837472e-01
6.161375661312588070e-01
6.096296296044001473e-01
6.229629629377334554e-01
6.206878307130602179e-01
6.230158730158730229e-01
6.278306878306878502e-01
6.313227512975218003e-01
6.336507936507936867e-01
6.369841269588975008e-01
6.417460317712612161e-01
6.382539682791977809e-01
6.444973545099692558e-01
6.476190476442771349e-01
6.474074074326369166e-01
6.531746031493737004e-01
6.551322751575046066e-01
6.568253968001673826e-01
6.596825396825396481e-01
6.661904761904762218e-01
6.635978836231131162e-01
6.660846560720413700e-01
6.678306878054584006e-01
6.713227512975218358e-01
6.712169311917017822e-01
6.674603174855469057e-01
6.796296296548590687e-01
6.748148148400442414e-01
