2.203122622222496663e+00
2.151945931419493530e+00
1.969217532299182949e+00
1.798996460879290549e+00
1.706979384245695952e+00
1.656090689310951936e+00
1.612288512023037690e+00
1.567637707770816791e+00
1.543138560895566558e+00
1.507890282307983165e+00
1.479619819827811433e+00
1.442033589630530521e+00
1.404948006508842440e+00
1.369413512875794048e+00
1.339879984679045455e+00
1.306722366317870199e+00
1.283324521735862422e+00
1.259901394137629804e+00
1.248287566250594116e+00
1.223338945832832758e+00
1.199288957333438654e+00
1.182345741085274460e+00
1.174994601951074413e+00
1.150248691795995093e+00
1.143703106143487247e+00
1.127574428893901581e+00
1.122114487022319196e+00
1.107078351696963114e+00
1.089310005720330210e+00
1.079857065425348095e+00
1.070645779327110025e+00
1.065204182869542882e+00
1.044913935636086366e+00
1.039245678318871491e+00
1.033256065908563226e+00
1.016761386810787204e+00
1.012768150006652546e+00
1.002639318307240845e+00
9.886022378023339163e-01
9.858323921602238915e-01
9.642105118433634825e-01
9.575429402961932457e-01
9.520782160002088101e-01
9.489390069214754808e-01
9.440832231662891205e-01
9.374284563619623700e-01
9.311636035152213164e-01
9.194081790106637397e-01
9.195843416799313053e-01
9.033496455919174384e-01
9.002201001732437202e-01
8.883215825646011421e-01
8.849205679363674193e-01
8.809753312509526202e-01
8.851180807370988557e-01
8.625905548706256365e-01
8.624924793823686153e-01
8.572406058841280929e-01
8.442965546108427422e-01
8.490762811236911567e-01
8.401654087551055916e-01
8.362318681030677103e-01
8.348876181355229242e-01
8.283597960421648088e-01
8.171661773055949318e-01
8.122006598982230985e-01
8.189518330336879037e-01
8.078631351864526966e-01
8.032081533109070026e-01
7.984835695841955294e-01
7.908624132600411416e-01
7.834934751318876067e-01
7.832648791837945046e-01
7.781275905629314593e-01
7.799026465163659827e-01
7.710504012889962677e-01
7.683778999974487656e-01
7.732921754115472668e-01
7.512986702956850893e-01
7.605487071521698228e-01
