1.156613756676830307e-01
1.929629629566556037e-01
2.563492063555137257e-01
2.928571428634502150e-01
3.111640211640211429e-01
3.264021164052700597e-01
3.413227512975218203e-01
3.539153439153439051e-01
3.641269841395988749e-01
3.793650793524646070e-01
3.902116402116402316e-01
3.977248677374824459e-01
4.127513227765522430e-01
4.238095238095238027e-01
4.333333333459480907e-01
4.467195767195767386e-01
4.561904761778614592e-01
4.678835978709831589e-01
4.814814814940961973e-01
4.850793650541356250e-01
4.972486772549846168e-01
5.040211640085492384e-01
5.103174603174602808e-01
5.192592592844886834e-01
5.294179894053746560e-01
5.344973545225839562e-01
5.405820105820106081e-01
5.446031746031746446e-01
5.561904762030909222e-01
5.616402116528264044e-01
5.683068783321078010e-01
5.776719576593429828e-01
5.769841269967417308e-01
5.821693121945415994e-01
5.850793650667502899e-01
5.869841269967417396e-01
5.961375661123367031e-01
6.102645502645502873e-01
6.004232804485098995e-01
6.106878306941380119e-01
6.174074074326368899e-01
6.175132275384569436e-01
6.268253968001673559e-01
6.223280423406570838e-01
6.333862434114728712e-01
6.351322751196604166e-01
6.412169312421607259e-01
6.350793651045945065e-01
6.498412698664993714e-01
6.466666666729740109e-01
6.523280423154276253e-01
6.551851851599557186e-01
6.542328042454189641e-01
6.648148148148148584e-01
6.624338624338624859e-01
6.610052910305205254e-01
6.752910052657757900e-01
6.800000000126147359e-01
6.792063491937344599e-01
6.830158729906435910e-01
6.916402116654410959e-01
6.871428571302423682e-01
6.841798941672794232e-01
6.917989417989417467e-01
6.979365079491226531e-01
6.940211639959344980e-01
6.964021164021163557e-01
7.011640211514064136e-01
6.968783068530773894e-01
7.075132275006127403e-01
7.017460317334169861e-01
7.103174603048455493e-01
7.113227513227513565e-01
7.187301587553882598e-01
7.142328042580337044e-01
7.098412698412698285e-01
7.179365079365079838e-01
7.257142857269004432e-01
7.220634920761067610e-01
7.246560846560846647e-01
7.278835978835979104e-01
7.230158730158730007e-01
7.371957672209966672e-01
7.280952381078528157e-01
7.355555555303260329e-01
7.313227513227513743e-01
7.379365079365078905e-01
7.355555555555555181e-01
7.401587301461154400e-01
7.447619047619047361e-01
7.434920634668340522e-01
7.444973544721250613e-01
7.448148148400443036e-01
7.472486772360624752e-01
