2.194358310548086166e+00
2.034912090806103357e+00
1.816171887362444837e+00
1.695899610948310432e+00
1.630911577820147063e+00
1.593987926452878900e+00
1.560551362163806077e+00
1.522390736549619650e+00
1.492356314432053299e+00
1.448959581486131798e+00
1.414218304800608728e+00
1.378636075479013012e+00
1.354684268204623399e+00
1.322448686821750874e+00
1.288566377175548006e+00
1.277220590202896577e+00
1.241402147232540054e+00
1.215175690512177775e+00
1.184623218112521803e+00
1.159711337089538663e+00
1.147818385886136827e+00
1.128145858219691711e+00
1.098205514862423904e+00
1.076427766305428912e+00
1.061012502624875120e+00
1.047637674821116915e+00
1.039063097989117557e+00
1.020824573834737237e+00
1.002041938595040094e+00
9.864201797757830015e-01
9.779133852196748578e-01
9.657396722092199681e-01
9.587030244378186294e-01
9.501494892312105645e-01
9.310183255382316059e-01
9.290041480997882628e-01
9.131602232544510089e-01
8.930703486336601937e-01
8.955534937268211371e-01
8.767378681677359120e-01
8.709719966832922822e-01
8.730963051256048768e-01
8.523491231095854381e-01
8.509554930591078925e-01
8.376055642158266590e-01
8.300613263044407386e-01
8.246823354120608185e-01
8.321576630375372430e-01
8.024065956236824393e-01
8.048212054419139339e-01
7.924396665386421734e-01
7.847969474742021445e-01
7.870903470402672575e-01
7.751607192761053033e-01
7.627680289177667383e-01
7.702148541003939197e-01
7.596253492970945764e-01
7.430667384465535763e-01
7.421765687352135377e-01
7.338497164262034467e-01
7.197016882770276291e-01
7.309318697767913653e-01
7.374576931781869904e-01
7.130797880414933010e-01
7.150963594799949474e-01
7.079906297108483626e-01
7.058267709187099337e-01
6.956755922332642506e-01
6.997684794885140613e-01
6.817402801564130810e-01
6.860824858953082916e-01
6.825982961326679810e-01
6.757759873324601374e-01
6.652091301559771575e-01
6.657032779158738034e-01
6.666413849119156021e-01
6.553832349575385852e-01
6.550430281578548675e-01
6.510271712144215517e-01
6.482032820787378968e-01
6.447740271987107974e-01
6.428256494784481134e-01
6.298515314778322383e-01
6.417387217440932989e-01
6.335182139482448127e-01
6.239048345379097915e-01
6.162833610539714124e-01
6.195473856774587063e-01
6.152849710933745442e-01
6.032769639403732231e-01
6.139340217782076614e-01
6.068817765624434646e-01
6.074593411551580946e-01
6.020945668094372927e-01
