5.200304264168710278e-01
5.251014145888373008e-01
5.390466528417614533e-01
5.676977674932073281e-01
6.280425943842282699e-01
6.731744469662950259e-01
7.251521256463281384e-01
7.591277909206328722e-01
7.702839751151705494e-01
7.766227129748578539e-01
7.905679505930469642e-01
8.088235255429033765e-01
8.078093335909002359e-01
8.164300208884852639e-01
8.235294072913349472e-01
8.316430040837301529e-01
8.445740376597243859e-01
8.364604415322897113e-01
8.460953365595780262e-01
8.529411778609602424e-01
8.575050702080523335e-01
8.567444211812822452e-01
8.709432072257414781e-01
8.643509184008437707e-01
8.663793110097881556e-01
8.744928989158924360e-01
8.805780955429735046e-01
8.770284008302746681e-01
