8.341570332737046067e-01
6.938681735470135781e-01
6.920118852996439696e-01
6.863237456786946966e-01
6.590231674558976183e-01
6.105185599646268946e-01
5.535580019861399137e-01
5.217755789326363747e-01
4.870757722951336022e-01
4.724893347789017595e-01
4.576652590449876712e-01
4.327134184433528707e-01
4.302960562899436625e-01
4.114499277686492484e-01
4.035533705601585530e-01
3.859137982492756302e-01
3.691236131633754414e-01
3.668673495189654910e-01
3.639260792677833090e-01
3.461911403564604250e-01
3.459947041668466339e-01
3.411279114579090499e-01
3.276344427411986837e-01
3.196197570458387260e-01
3.279319476132218636e-01
3.090495241401645110e-01
2.991686087804440453e-01
3.061553230603616393e-01
