1.310609066060330063e-01
1.367419744430909412e-01
1.921654114388209877e-01
2.428326073584617661e-01
2.781080733455618126e-01
2.893380905228509214e-01
3.054564695311657307e-01
3.082309430023372765e-01
3.180737225551683589e-01
3.292376815934117684e-01
3.417888768583295933e-01
3.421191709239884138e-01
3.483287097441030156e-01
3.569824285150629550e-01
3.744880433031551603e-01
3.748843961772208022e-01
3.858501793099829436e-01
3.967498989901528383e-01
4.011758480972588137e-01
4.056017942158639533e-01
4.178887559107137828e-01
4.226449984771160628e-01
4.310344801953611138e-01
4.365173684454512482e-01
4.408772604313342947e-01
4.532302788320093367e-01
4.584489343920445936e-01
4.647245318118828905e-01
4.684238335166177047e-01
4.770114908981927804e-01
4.793235536082478543e-01
4.865239764050521276e-01
4.903553938799513068e-01
5.001321144865658042e-01
5.040956502830766794e-01
5.138063137920927392e-01
5.182983186305127887e-01
5.173734910761542682e-01
5.280089808086814163e-01
5.237812079515808961e-01
5.399656464691631186e-01
5.489496617686372426e-01
5.500726614308366624e-01
5.568767290226234179e-01
5.589245617870044480e-01
5.640110937177874595e-01
5.679746292229292948e-01
5.695600430895180200e-01
5.714757559888191674e-01
5.804597681777324825e-01
5.844233042971116454e-01
5.898401331265263892e-01
5.998150332078922009e-01
5.963139109700339446e-01
6.043730970259968416e-01
6.101202274316965823e-01
6.102523431624867767e-01
6.109789947582088265e-01
6.213502424650612088e-01
6.271634306455953212e-01
6.198969466208403833e-01
6.261725441706135209e-01
6.294094353878824100e-01
6.368080344346921384e-01
6.370722689123351490e-01
6.432818067343141211e-01
6.432818089943924678e-01
6.507464675091266804e-01
6.486325824822974928e-01
6.503501127254129877e-01
6.489628771129758444e-01
6.581450671386743778e-01
6.535209425690466922e-01
6.636279588615678904e-01
6.683842006030809024e-01
6.667987865947451187e-01
6.640243124404314745e-01
6.717532050390667697e-01
6.699035568838311860e-01
6.713568519405682666e-01
6.812656899474385241e-01
6.802087475560838481e-01
6.848328708342381610e-01
6.848328730943165077e-01
6.929581205396643240e-01
6.815299281183803126e-01
6.868806975901181611e-01
6.937508263822936838e-01
7.033954279349367011e-01
6.963271259206307295e-01
6.926278253498725501e-01
