1.101058201121274810e-01
1.345502645565719302e-01
1.989417989354915761e-01
2.461375661438734985e-01
2.831216931153857641e-01
3.083597883724030764e-01
3.229100529163602684e-01
3.367195767203651213e-01
3.480952380952380687e-01
3.611111111048037614e-01
3.715343915406988939e-01
3.879365079302005692e-01
4.042857142604848186e-01
4.126984126984126755e-01
4.216402116275969059e-01
4.361375661501808998e-01
4.456613756613756472e-01
4.587830687704540500e-01
4.675661375724449176e-01
4.722222222096074673e-01
4.824338624086329519e-01
4.907407407533554977e-01
5.005820105883179716e-01
5.023809523683376854e-01
5.149735449798523712e-01
5.145502645376498485e-01
5.242328042264968735e-01
5.305291005038710317e-01
5.370370370496517776e-01
5.396825396699249655e-01
5.469312169186021366e-01
5.599470899344751729e-01
5.620105820105819605e-01
5.685714285651212174e-01
5.670370370370370061e-01
5.693650793776940944e-01
5.748677248677248608e-01
5.826455026328879461e-01
5.835449735323587905e-01
5.877777777777777324e-01
5.918518518392371641e-01
5.991534391660539027e-01
6.026984126984127332e-01
6.097354497480644842e-01
6.060846560594266297e-01
6.141798941672794721e-01
6.172486772360624707e-01
6.222222222222222321e-01
6.229100528974381712e-01
6.266137566389861080e-01
6.293650793398498644e-01
6.303174602922307912e-01
6.366666666918961992e-01
6.377777777525482916e-01
6.440740740993035063e-01
6.433862433736285968e-01
6.440211640337787369e-01
6.502645502897796970e-01
6.539682539682539764e-01
6.540211640211640587e-01
6.581481481481481488e-01
6.589947089820942239e-01
6.649735449609301963e-01
6.694708994835142368e-01
6.710582010834305056e-01
6.740740740740740478e-01
6.785714285840432902e-01
6.782539682665830183e-01
6.776719576845724458e-01
6.808465608591756091e-01
6.833862433862434305e-01
6.847619047492899957e-01
6.882010582136729449e-01
6.884126984253131631e-01
6.955555555807850787e-01
6.967195767069619405e-01
6.973015873015873112e-01
6.985714285966581061e-01
7.025396825270677770e-01
6.970370370496518087e-01
7.032804233056527687e-01
7.087830687830687371e-01
7.076190476064329049e-01
7.060846561098855778e-01
7.085185184932890623e-01
7.113227513353660436e-01
7.107407407155112988e-01
7.192592592718739519e-01
7.188359788233641412e-01
7.212169312295459989e-01
7.253439153439152909e-01
7.190476190223895614e-01
7.249206349458644505e-01
7.290476190476190554e-01
7.294708994961289772e-01
7.293650793903088125e-01
7.341798941798941547e-01
7.333333333333332815e-01
7.377777777651630675e-01
7.366137566389860947e-01
7.343386243512390887e-01
7.346031746031745913e-01
7.383597883597883271e-01
7.394179894053747315e-01
7.392592592466444845e-01
7.432804232551938339e-01
7.432804232551938339e-01
7.459788359914507616e-01
7.376719576971871861e-01
7.408465608717903494e-01
7.506349206223058568e-01
7.480952380952381464e-01
7.523809523935671706e-01
7.537566137439990488e-01
7.511111111237258608e-01
7.516931216678922612e-01
7.526984126984126444e-01
7.549735449987744484e-01
7.578835978962126241e-01
7.571428571680866026e-01
7.539682539556392671e-01
7.620105819853525420e-01
7.634920635046782422e-01
7.612698412950708038e-01
7.560846560846561371e-01
7.591005291131438515e-01
7.670370370118075876e-01
7.691005291005290623e-01
7.658201058074910472e-01
7.719047619299913565e-01
7.704232803980509692e-01
7.741798941546647050e-01
7.716402116528263688e-01
7.679894180020326866e-01
7.682010581884434197e-01
7.730687830813978145e-01
7.703174603174602897e-01
7.752380952380952817e-01
7.720634920382626332e-01
7.742328042580337577e-01
7.734920634920634530e-01
7.771957672083819046e-01
7.775132275384569747e-01
7.805291005417153150e-01
7.798412698664993759e-01
7.846031746031746357e-01
7.803174603426897837e-01
7.786243386369533503e-01
7.839153439279586966e-01
7.855555555303260773e-01
7.864021163895016375e-01
7.874603174603174160e-01
7.873544973671120495e-01
7.875132275132274984e-01
7.808465608213314146e-01
7.880423280423279886e-01
7.896296296044001961e-01
7.872486772739066829e-01
7.910582010582010160e-01
7.922222222096074740e-01
7.931216931469226017e-01
7.898412698664992737e-01
7.886243385991091870e-01
7.895767195767195989e-01
7.943915343915344263e-01
7.975132275384569924e-01
7.920105819853525686e-01
7.916402116149822143e-01
7.973544973671120584e-01
7.954497354497354067e-01
7.964550264676412139e-01
7.991534391282096861e-01
8.001058200932054110e-01
7.960846560720413745e-01
8.012698412446117580e-01
7.976719576719576432e-01
7.976190476316623590e-01
