2.206896193065340572e+00
2.170197375716355737e+00
2.013391865977534501e+00
1.845196750529859431e+00
1.721060681015095462e+00
1.654279288387803248e+00
1.600581426872778268e+00
1.564526696987253107e+00
1.527050040562947686e+00
1.491416577788257092e+00
1.460034932358555082e+00
1.417017853676326711e+00
1.376698678006570864e+00
1.347907527338260136e+00
1.319865434636514623e+00
1.286784405657854125e+00
1.259553598197048929e+00
1.236054769697643385e+00
1.212574807575770741e+00
1.181110108390686975e+00
1.173940533809560982e+00
1.155703018455908948e+00
1.130424260916533363e+00
1.120322779953164316e+00
1.094174460002354188e+00
1.084978038419491364e+00
1.064780843295748181e+00
1.060679440561425713e+00
1.039323662260852821e+00
1.033655673637591921e+00
1.012942835489908822e+00
9.999670501739259532e-01
9.913845205054712117e-01
9.776745734391388831e-01
9.716727577189289144e-01
9.648976243362225036e-01
9.539053374875789970e-01
9.338679084575995937e-01
9.330536039165718831e-01
9.284877841434781010e-01
9.124690010055662714e-01
8.987103021334088560e-01
8.997369549135681988e-01
8.901150904130683550e-01
8.873975138437180110e-01
8.733168646393629775e-01
8.682390430490806166e-01
8.598365923715016734e-01
8.563824259288727037e-01
8.445444984536952804e-01
8.364823763837259119e-01
8.338418513757210881e-01
8.263314485676074295e-01
8.215484669473436252e-01
8.095370586208565644e-01
8.085421744856253756e-01
8.067706533083840448e-01
7.904251585814057179e-01
7.941000348928743957e-01
7.830106285640171526e-01
7.766656103588286397e-01
7.723299971837845890e-01
7.716503708324735644e-01
7.635933393523806068e-01
7.544782429902011645e-01
7.516202773366655876e-01
7.475684590188284018e-01
7.479175099493965417e-01
7.323762405360186856e-01
7.410836887485766633e-01
7.295971579021878206e-01
7.181753708571984030e-01
7.213227848274997855e-01
7.237560744134207136e-01
7.057127589018887814e-01
7.020732855670666073e-01
6.993897544770013575e-01
7.005198809204908894e-01
6.959801494255267729e-01
6.992228804063544967e-01
6.875741189055972757e-01
6.789842282905780291e-01
6.758917403599572493e-01
6.844611063836112397e-01
6.736710659915177146e-01
6.715001153062890582e-01
6.747629183940786479e-01
6.597092017421015697e-01
6.563428156968778016e-01
6.561605042250698849e-01
6.540770003152271972e-01
6.517860357345096611e-01
6.504286643689272118e-01
6.347322017553621576e-01
6.353852110438876766e-01
6.389505664759842496e-01
6.335236208148734560e-01
6.301801479051983845e-01
6.209136091716705996e-01
6.276123971472341578e-01
6.212780688805554785e-01
6.236916322178310823e-01
6.171513888444850604e-01
6.147823609372294884e-01
6.154239984794899199e-01
6.044887133502455656e-01
6.074738917022786122e-01
6.050293981082855987e-01
6.104171107938050067e-01
6.116649176077867400e-01
5.904452826484801742e-01
5.950248876702848300e-01
5.923648788941600074e-01
5.866333447120807287e-01
5.899260138456152713e-01
5.870344589879272768e-01
5.863675065961464483e-01
5.812297239379277114e-01
5.790632542731269927e-01
5.732498249427351311e-01
5.749350362101559586e-01
5.698266855875651071e-01
5.733334877251317074e-01
5.631591557825683658e-01
5.750086367571795032e-01
5.687165407213584656e-01
5.643751978054248886e-01
5.554013538360595970e-01
5.582276310239518979e-01
5.524594587119168176e-01
5.516743799366017331e-01
5.474870418745373390e-01
5.564224628418210639e-01
5.509306978422497947e-01
5.554197806529898029e-01
5.407720895608266742e-01
5.462749677360373424e-01
5.374461200502184122e-01
5.427424136292997581e-01
5.430012757879085772e-01
5.375409329379046142e-01
5.366283519810469693e-01
5.304079506889222140e-01
5.289095411855707640e-01
5.341603025683649975e-01
5.261525505812710835e-01
5.320508377766482999e-01
5.302743974059977994e-01
5.270708588569883446e-01
5.229211070550181528e-01
5.151635915955538048e-01
5.170612252704680500e-01
5.169048449475929230e-01
5.164553348349515405e-01
5.210246370330688936e-01
5.107673689928003968e-01
5.037615921068443470e-01
5.134660782511272226e-01
5.067974178753201775e-01
5.053689293382028769e-01
5.003005561248334843e-01
5.066883407257221084e-01
5.028819487208411321e-01
5.095292597851425187e-01
5.052330814215241217e-01
4.964420459951673359e-01
4.962430287858165534e-01
5.095630565522208943e-01
5.030742588497343348e-01
4.894739458737549787e-01
4.982674611056292502e-01
4.905425761364124448e-01
4.895197403746306963e-01
4.955028651757215075e-01
4.863257417603144561e-01
4.920645127346906511e-01
4.893161195485049575e-01
