0	102.551972871211	-30.577554905940044	99.22824611701836	19	1.591523809942032	0.0009526328772209104	0.0008830752113450982
1	92.93305781152887	8.83036329509688	-58.31179095838694	28	2.87857415255495	0.0006416681436823277	0.0006544507494154158
2	61.610882166090306	-54.95436250816342	-112.83438641091695	27	2.9293429321835665	0.0007138750901497082	0.0006306184480257281
3	-38.70782287676766	74.62505728842463	-135.7000216602846	29	2.5112047952725307	0.0007752475548592215	0.0005407645617942227
4	-56.74931228485597	-2.340511156563109	128.75224901491472	19	2.394073437136548	0.0007185513686087712	0.0006049106299715122
5	-32.06309528885978	46.140513588372016	-34.7698151936472	18	1.6622528653963502	0.0005234095961804211	0.0008549111500334214
6	-42.703558259499985	5.630697665621714	-113.82132886460813	19	2.3083137250830394	0.0007759484161530667	0.0009680659532288566
7	-68.91443102299056	-4.774360316259517	9.823470255222743	16	2.047968466362512	0.0009822662892218625	0.0006098859719601406
8	-89.30658246894626	53.43660907385406	-67.55849009286923	23	2.3259297534282557	0.0009175753036327564	0.0005224964482183226
9	70.67083884466405	33.93221276520041	-172.56110258060747	27	2.169861763724617	0.0007430501166721434	0.0009322530389482122
10	-62.093298074709786	63.542059282760185	48.24645118765087	20	2.3492364357803264	0.0006600696769694415	0.0005136432246977891
11	135.26895334888346	-10.207064041807865	42.23829238367984	28	2.6620986417743198	0.0008184470966262774	0.0005356969119875907
12	-37.31524358402866	56.5418833276588	33.99684078591636	24	2.6650709197377385	0.0009285769312700032	0.0005810398477808424
13	150.06806231193545	0.06316986317649978	61.76424810813666	22	2.082885804225805	0.0006441998120227791	0.0007580289111882919
14	-116.46332832953328	-52.80798127603834	116.61137048762419	21	2.504007890957703	0.000982226967615922	0.000645623051181189
15	-116.40831241458228	29.56021972613237	157.3879753976515	17	2.4841169408930863	0.00065853894877641	0.000998469078496187
16	97.76338713199125	16.25323607775204	-5.482142061123557	15	2.184943082071851	0.0005664062212539699	0.0007867031456674534
17	165.92764337781045	52.12019868542319	154.9001127757474	26	2.1581091190157142	0.0007340342110904939	0.0007288622233209696
18	-90.69422685967537	19.811888758263144	-31.487444093921813	16	1.6165982707575735	0.0005494263023516324	0.0006462165232316396
19	-45.152207352540934	-57.183113361589605	147.61935299490156	15	1.7270517340866278	0.0005680392910675109	0.0008924007766469529
20	-105.31439946633495	-16.16223159588729	84.19824948388305	27	2.310789793245672	0.0008550330905659333	0.0009318723993384348
21	65.27479068534196	52.40916094727048	30.836052026751208	27	1.9294788669321237	0.000995535587418616	0.0005197770721076986
22	-12.669774568633432	-37.81029443997383	-41.67490214984315	15	1.9824263360353216	0.0005260006199102802	0.0005230474389524936
23	5.453789775045104	-20.941510787723633	-69.7795999465926	18	1.8535628886127355	0.0009948367257445207	0.0006264585192556506
24	90.76476879818411	57.82770026789772	11.869795706077264	29	2.8346277924684884	0.0008944389965946004	0.0009824669636981423
25	91.34899334310172	28.45285303886691	10.075719045033585	21	2.0676328287067096	0.0006850285462265477	0.0009308396908931232
26	109.82726859445641	26.780390540684504	64.61541805682982	27	2.0148441628186595	0.0009550762925731311	0.0009533457882056533
27	12.777627664372018	34.925761142872496	90.45442324482407	26	2.491668592673746	0.0006830027930043434	0.0009695806793171286
28	74.08941584208667	55.709709947029616	-134.49636954442502	28	2.8784163418561635	0.0008397012927010418	0.0007734230566729201
29	159.94554557003474	2.6212229691571807	-117.3662871571221	27	1.9372376765462187	0.0007073844482582602	0.0009670811134737211
30	-84.76748004638287	-44.033521391691146	-33.87436014143823	29	2.909021854002353	0.0007858495366993777	0.0006799443161451134
31	-178.48458477990735	53.1815569059412	52.587363264023544	27	2.9853536352014096	0.0007401439876249876	0.000861498279915512
32	32.8760967157369	-24.337733944694865	89.3943467251123	28	2.2140212407118565	0.0005490005252601195	0.0007621653582272985
33	20.341407929276286	-25.459325468691254	156.73821479709613	26	2.489629172802692	0.0006480016670500656	0.0006555428857696715
34	-110.06251608859237	51.16259895377976	-177.34452343052797	22	1.731677495951159	0.0008573661891002106	0.000916433856464727
35	168.22279361969206	23.949769973419237	-77.0302979285829	28	2.2828617196388743	0.0007766618090666734	0.0009810776523052653
36	73.13420321112413	46.536074374919714	-75.06943830250513	18	1.8714117965153738	0.0005825877455970786	0.0006797747390812199
37	140.0463433086517	-36.863580097227924	125.7314535734187	29	2.0325422283643055	0.0007860895981157861	0.0009844637719337887
38	-95.04043552770986	-79.95374775115816	-159.50935964135553	22	2.3737859141971125	0.0006552998053518509	0.000900559902969859
39	-30.612689443642576	22.091787419619905	-95.62975033232097	25	1.6165436633624761	0.0005460197877199527	0.0006098007786063853
40	18.984751517467952	-47.79924788118529	-50.58694092430712	26	2.412132251593162	0.0008116405431782777	0.0005356963867119705
41	-34.34879932757891	-46.80202108220801	101.28442452449507	25	2.9000019763072653	0.0007363001698455743	0.0008397577262236173
42	-129.7731319384405	57.000221736425544	-169.8905671139966	19	2.049759451697207	0.0008899766958024565	0.0008153460495140036
43	121.15113637001318	-33.45833638571719	-20.67549514718252	20	2.949525969413892	0.0006242958755061833	0.0007044763863263075
44	33.280038269497496	-16.03231445476776	152.85002365667205	25	1.5452554826600438	0.0005680633725980876	0.0009979505856510138
45	-27.10375450016145	44.008157400934664	-121.53912969567739	29	1.543202321961944	0.0008051189089054169	0.0006057301167259601
46	12.380433178546864	-17.42120786544014	112.69808245196477	24	2.508584890032491	0.0007473341470140892	0.000993651722644841
47	111.06278479154922	-33.00642941437579	112.40105309433528	22	2.306948327852603	0.0005511118626622533	0.0009651838557860036
48	147.53529454685017	-52.94393344482138	-84.56203762975727	28	1.9346840752410575	0.0009245479209624653	0.0005206762062077582
49	19.03824092585808	9.330734795363947	121.63051288974825	29	2.1921862277513897	0.0009275024199378837	0.0006178536976090518
50	22.71836110293341	86.63836386591598	122.8355791443418	15	2.10892889331284	0.0009718321650921218	0.0005764928357939792
51	-105.55468079998134	-37.407966832131144	100.9849047319389	18	1.8040640291942753	0.000980351121465934	0.0005154628431966126
52	-23.995903846175857	1.289320838222131	-170.54325657394398	15	2.305311766544254	0.0006858318834494207	0.0007189319003058564
53	-153.60305577906072	-10.154785529893596	-161.1286812989953	15	1.7792123543078973	0.0007988071024201434	0.000676850998810841
54	50.019344376703614	-28.080177209294643	-113.84982253464611	15	1.8161627457038225	0.0009511313437540094	0.0009530983682839876
55	-165.75608045573637	-24.768232025076134	54.999222733066105	26	2.493987728188376	0.0008400083950153216	0.0007239360189155883
56	79.47302003194635	20.66901209451399	-36.34997631575456	23	1.9495563391714823	0.0008097835385442002	0.0005341222219646752
57	60.206762741037856	20.484565442567735	161.96053879391678	23	1.7385500837975496	0.0009464803816169279	0.000993184704902281
58	107.1379473474869	-54.5381273892283	-45.507632392979595	21	1.567090265262846	0.0007319455122391073	0.0009619447894945502
59	34.18586446213409	7.022247008952167	5.150896327987144	17	2.478711533719501	0.0008172588562221422	0.0009645084205604601
60	30.228648451741428	29.100698699071913	145.8828309343669	26	2.0358696950984783	0.0007407781780480776	0.0009543675399245133
61	-121.37200440879012	0.6618667823721381	-72.83608986676653	17	2.3516739831549387	0.0009758840403525401	0.0006136271297843078
62	-172.05884059996632	43.36650645182481	-129.94902039089587	29	1.7556380281117645	0.0005325762725135875	0.0009843884572132266
63	-15.126637880216483	-25.262951150647392	-47.85488870422198	25	2.773179419443205	0.0005623989636700735	0.000831857469580155
64	-28.688572334955744	-37.92400151381059	73.79558753484062	28	2.3843913725087336	0.0007860139107563366	0.0005025007699643543
65	-125.08191514855818	61.22982157964847	50.68314108652048	15	2.2720361645982154	0.0007750470658104573	0.000560429778609704
66	142.0838392741502	-28.6890667846135	-7.9017209845458325	22	2.118320647937104	0.0005809382645297063	0.0005689897799916712
67	8.597311471961534	41.946396160485904	-157.59188579857673	29	2.4783147992526047	0.0007660200618098367	0.0007238189338614146
68	72.78122740081965	-59.82628728427943	-66.49809570103227	24	2.0384215151556946	0.0005552507542859982	0.000522707078341858
69	-105.18588012332415	83.92600926180405	-47.502064707101816	23	1.8939223869691855	0.0006394068365773415	0.0009767468659827394
70	144.88951746637454	-23.22440385895487	81.47536749406005	18	1.6521508242878593	0.0005892074693192835	0.0008301521510623524
71	-42.2888186377947	11.81738309094767	-85.23040093384137	20	1.948244800184543	0.0005739487515754263	0.0008982632532121293
72	67.8848836893512	-84.32309410151517	173.72586906036295	16	2.0365717604313387	0.0005059661336754786	0.0007673824884199073
73	-18.25353048989959	60.21266923618947	36.639336474505015	16	2.442823028165065	0.0007802349017613256	0.0005320867657118665
74	-51.4284180900338	41.954816780439344	13.958181818311747	29	1.6300980581889042	0.0005022168637530875	0.000790263399798238
75	121.22259844093747	-63.36741890646681	-74.54113317483784	29	2.6117721168263204	0.0009859291993763858	0.0007117826568109631
76	-62.62708600435596	-72.77451476218914	-176.1602271666855	23	2.9145106675508363	0.0008716287683392589	0.0006196299905791318
77	-32.747984432336224	34.48183505187325	-110.84768648676231	15	2.499165700748742	0.0007172957433160465	0.000598854612792736
78	-2.227683420697582	-85.26307583440996	-102.75790603281126	23	2.035349305531585	0.0008595919443629377	0.0005538474151566518
79	-73.48491802567663	-38.722277230766394	-89.45051955057187	25	1.9165935466527264	0.0007121804463707296	0.0009661838874384873
80	8.938022671305918	-0.42061147335795657	130.22029639340337	28	2.7815318754680023	0.0008159658875822025	0.0006932598475260551
81	-151.59506860622648	-22.2879986934723	163.66074168949726	21	2.7715203774427115	0.000671033420526313	0.0007217007654524725
82	163.7563327637289	-14.443420259541227	3.8307339896948336	20	2.1973480208223672	0.0009324293193479678	0.000988170479235097
83	-158.28917038906968	-1.7406820690085723	118.10406567977067	22	1.7332742195043864	0.0008815069382791378	0.000611177343287659
84	-146.47991205873282	1.780508115337086	88.9449689263448	24	2.6491359495926936	0.000861116486799203	0.0006633968706109553
85	-8.288229004718145	-77.45480866123188	68.23531076232167	27	1.7076502281226114	0.00056994883724803	0.0009537924833632392
86	-169.08712905215515	11.407822711825178	78.06798192877336	26	1.9871224971504438	0.0007400027414549795	0.0007649846443384419
87	171.05965751832295	32.63821028184121	160.2676896969961	24	2.5621703747098445	0.0006422229847367849	0.0006873438089116576
88	-107.109768573531	57.037893562911535	-169.61865471665658	25	2.90957086085771	0.0009986453892733493	0.0009646659439651407
89	-109.17758193046386	16.270170954716015	-122.40748576293079	20	2.3138482585669964	0.0005182615796205907	0.0006194365874315642
90	45.24624600232979	45.181382999295316	-74.01652854182454	17	2.7898105209009154	0.000689751431094367	0.0005957997429243752
91	-92.54345418261909	-49.14998608544028	161.07730267212287	15	1.9931002675347897	0.0006971512782174166	0.0008348095230983586
92	-134.67628324591976	31.520924019418644	175.1123704532981	22	2.61341322542468	0.0008994927591104871	0.0009595508699869765
93	-32.844488144131276	-51.1614410036451	57.415819002672656	23	2.3194232130789194	0.0008397372825956679	0.000500968940358364
94	-98.44646068049501	27.42556297894704	16.156100342780668	28	2.8694507392876973	0.0007846055586610784	0.0007079113738638344
95	-174.16754388408472	24.995757789484156	-100.94209422501167	18	2.3701083922667383	0.0008012454333480325	0.0008081998650594635
96	-57.712364825330184	68.64597951227191	119.07340971823527	18	2.5730465181795514	0.0008618153346739187	0.0005380535064857641
97	47.92753458730808	-42.595551423701025	-40.111541493367376	16	1.907575368041588	0.0008026176351898051	0.0005848831078874707
98	81.50150644121643	-8.533535876440027	-74.68293583939176	19	1.9350558061005627	0.000747824381329555	0.000730610799022325
99	-106.60108702912751	-33.073758561633255	29.011737700968126	26	2.274003734209977	0.0005046995477449076	0.0008668725043199825
0	125.259440250801	-19.878528237513134	171.9829614269287	27	1.7355337333939094	0.0006787223769693523	0.0006086149367790404
1	-138.51108441370485	-78.73515034144745	-54.528992359845034	20	2.08983796222196	0.000873709045383148	0.0005975202867500393
2	-138.52668928857912	30.342272444067724	75.15468175153661	23	2.0935963082256315	0.0008917733176742322	0.0007696723849744871
3	-35.987139571711175	17.766359181520276	5.296850158371193	26	1.5500339620550305	0.0005089751535819158	0.0007308774430360105
4	116.60459419675827	31.7421207216258	30.874426270010197	22	1.5417098667315572	0.0006485000861201057	0.0006957352475535377
5	162.68778837362802	-37.98425248889118	81.48434039588444	21	2.764369365217205	0.0005261793694324851	0.0008206564931612544
6	-37.24017842736244	-1.6346378988188681	67.51323468149283	17	1.8243861112262523	0.0006877242471019674	0.0006989884057459238
7	108.86933263032317	-56.578412822499054	90.69973784937048	22	2.086910626763691	0.0007998975399733676	0.0005667821751145465
8	-149.0664804041907	46.781901489073526	75.32882008504836	20	2.1376212479539376	0.0007854995807041494	0.0007850445329629916
9	-118.47485216694601	29.850795813910057	-115.79077679502085	19	2.7506462463725434	0.0009055997162457409	0.0008141789166975469
10	91.7586596497958	24.864279806709895	21.09521764995593	22	2.8156271195411464	0.000792451313334845	0.0006553510244222791
11	-14.201554644605002	1.0735553743756703	55.76821867047316	29	2.659730647481735	0.0008317853428476945	0.0005320540246542113
12	133.94232170875523	9.884151941125316	142.06095829434545	26	2.431054097820539	0.0008817806764489745	0.0009291789814169452
13	-107.88443260772384	-22.862611276469675	-122.59067038510088	27	2.0978771014537005	0.0006727953636894977	0.0005599634518515524
14	41.65165611658332	-2.570437222515126	28.861752213456903	25	1.9828058838187903	0.0008429275947021466	0.0009925837053704277
15	48.62045006992358	15.716280247532195	67.40771604245747	24	2.0879263042718508	0.000681856931523851	0.0006679000238103711
16	93.31219883443819	36.38493372735547	136.96143586372483	28	2.667229223530265	0.0005737385559346635	0.0005532243601981574
17	74.89289375728931	69.33610148883307	-134.12668592573507	24	1.5841112191373141	0.0009946558097475766	0.000558721796804831
18	54.60211329784367	51.04231503254662	158.25392711673194	22	2.4830640050065833	0.000829741826187115	0.0006790812790008691
19	-79.2904536386958	8.204844905081375	4.160324335629568	23	1.992164867730143	0.0008920142448286454	0.0007554860564705073
20	-37.37893428492697	-43.1760563552872	-14.933015329669098	20	2.352028921201459	0.0006825078439708817	0.0006189783416480901
21	-79.57410947403233	-36.25922351660806	-101.12343554156486	16	2.2599205491775756	0.0009283914339933944	0.0008714826629107725
22	-155.06533244556618	62.15883879969027	-137.25769230687374	22	1.5049798140103472	0.000750298806652623	0.0009396180639704645
23	102.20958592089042	-28.17855624352577	-135.68330463445923	29	2.3034855477996414	0.0008546274791002511	0.0008662801217866462
24	1.8220785250087292	10.466961720487799	-13.841500699117542	22	2.3923475741710574	0.0009376936747774316	0.0006402945201754216
25	143.3884322038195	-11.190867303666922	-44.87576473612424	28	2.1077221136608344	0.0008089630858237606	0.0009221390499607866
26	-6.939494230462142	-25.646327503700093	143.372167332583	18	2.001095555117652	0.0005452518921194723	0.0006839536056811782
27	-84.81364960390533	7.447784786899161	2.4945286064089864	17	2.170411129023916	0.0006372664653709534	0.0005486065854306193
28	48.41767837557458	29.047827006530202	25.028847746049603	17	2.60784763661965	0.0009370303240796667	0.0007613299779848091
29	118.93596161700063	65.7864734888525	-165.05127526859707	27	2.2645394750677714	0.0006104611780949432	0.0008485206718471783
30	-136.56464778433232	-22.46607633044451	-17.122568840154248	25	2.3597769244798785	0.0007802733520357127	0.0009343002704110825
31	114.6560521853595	-9.48944724164818	0.09390794410944381	26	2.027533691052714	0.0005016611045216492	0.0005763811999286169
32	4.1475242506817676	50.779305640980276	56.877760871177315	23	1.9607890148152167	0.0007348641119279862	0.0007845190773839495
33	-93.38221241386363	-36.350337516780755	-87.8676861045098	21	2.988713824168117	0.000549748650206898	0.0008774526172310373
34	9.115852769856442	16.936913369587238	-43.935097533438395	26	2.9976167316331996	0.0009622500518587449	0.0005870742218722659
35	-115.0536450705596	-55.17519044135256	112.75371921210106	25	1.5112572236985184	0.0008724381704195846	0.000888548269622246
36	-105.56271993937536	33.33459089277395	-5.955436964193902	17	2.9210819814476516	0.0005293587961457856	0.0005589162262504268
37	53.34134050781732	87.3003855491625	151.8813738856806	17	1.508802107067822	0.0009923496046599662	0.0009313841620674876
38	84.14450873092275	1.7444205390694099	168.32975318427668	16	2.1609059107758144	0.000503187838701631	0.000771413771148781
39	95.8646151426802	17.916158473705053	-91.15177340379938	29	1.9170387498039867	0.0006698073727997157	0.0005235668181874444
40	-89.94434448010772	-1.3668525741026862	-169.94163826500514	18	1.830621266631486	0.0008082638935201292	0.0007510455498756304
41	118.16144133700331	31.772489258406935	91.12529694366484	18	2.0712437831167287	0.0008814271000244869	0.0006156756401351161
42	-143.66062491698568	4.706063279962272	-143.3682664146627	15	1.8568316365271245	0.0005333922203283137	0.0006713726550414447
43	-74.06725936788663	5.7532863180142195	-129.21181398193545	26	2.025352975032618	0.000817890436957468	0.0005647782441386584
44	-72.14391501787512	12.230974642035825	121.51520802925556	29	2.815692994132845	0.0007533849555828309	0.0006724333606721261
45	49.207413387926394	-31.195383048252666	133.21136979484496	17	2.414294215581841	0.0006544304612772784	0.0009554415770443314
46	-63.72947052351928	17.848546159339055	-107.84960783823676	20	2.10563755084195	0.0006691243481352806	0.000956900442803333
47	74.39068743288713	89.47348135457541	-30.179641886778406	15	2.9671754169122915	0.0009489587305847485	0.0009538504615055011
48	-9.810114984523475	-3.212788364092649	50.911152786369904	22	2.0301344576483187	0.0005195911517168307	0.0008569110359619972
49	67.30569703623914	56.442428876949094	-52.31976574799052	18	2.3721024758750597	0.0005662447495261747	0.0006430715476682123
50	-98.80725869208972	47.91148810353135	-35.91271739989727	21	2.2970216826699668	0.0006406776228824636	0.0006109325802627774
51	15.275442102060167	12.466182841750511	108.45051371519023	29	1.7907900482497086	0.0005362433732419162	0.0008920643984235132
52	101.5021963639393	24.28337831290739	-71.97740684164673	24	2.2261818479754725	0.0009578123789382494	0.000792063587636416
53	4.573895975926812	14.379595063157696	121.09719434784093	24	2.796042184995317	0.0008326959944770114	0.0009313547534773835
54	140.57101376863037	-43.890715710718936	-149.1383388412729	27	2.253196156767962	0.0006409283959369287	0.000883395033727718
55	84.61290848829292	-0.32431427733319534	138.15064912047026	24	2.480493972005914	0.0005151797982204316	0.0007575492233570459
56	-167.89739574159188	45.31786151522002	148.56135004438394	17	2.0532970189199875	0.0005149358296925249	0.0009365071540304009
57	89.20023032490388	-3.2099369103602244	111.99215346963449	22	2.7437564507504772	0.0006619520722704819	0.0008686268695740145
58	-158.75802574300877	68.88484434340224	-132.7767110735869	23	2.7222338140906097	0.0009277438205375111	0.0009972867485981021
59	-10.56692543426274	-39.111764911693236	-110.68458471391818	28	2.088445220156087	0.0009462108655133198	0.0005617070231713094
60	174.21379282908677	22.47596947398375	-15.716550235564807	25	1.8080265195909957	0.0009213057581933977	0.0008747607721604629
61	179.8552778001979	-56.39673351802609	-78.9690659915572	17	2.758238371602083	0.0006546491051201526	0.0007175262288544658
62	-82.51991472808581	34.63793842570304	-80.73544791197709	17	2.277919782557618	0.0008299882517595803	0.0007014693288023882
63	-138.65707723693424	70.85014202436889	-5.115821715847442	25	2.999180451102765	0.0005401253335258305	0.0005881233544545644
64	-8.586345244811588	29.640050717490233	157.86340709039442	27	1.6100916585226321	0.0008352977376198972	0.0005184782242280139
65	178.9398003347679	-67.76903564049789	15.886590216699496	18	2.9019868544795204	0.0007003837081369219	0.0008360985185775641
66	-42.364409544960914	-11.508917913432983	90.35065560827125	19	2.819935673107275	0.0005683922147689618	0.0008475158539713353
67	-114.68361906525908	27.12950904620284	-169.31759314499888	29	1.8178196090586394	0.0006416113179422878	0.000970266826680682
68	53.2675401676272	13.502401958135858	-137.43898705469155	22	1.53722137993093	0.0008437695327501799	0.0006607149648213585
69	68.16870982073155	-49.41671690439807	71.45872072470148	16	2.4854023415478697	0.0008395283785361236	0.0007418083865039931
70	74.55238529852143	23.0554530932854	-61.28638917336436	21	2.406482829416197	0.0009709605222262185	0.0005972427285069962
71	126.38117003688545	-56.96497759420354	-87.99837149603408	19	2.2244566491893316	0.0005011421562129216	0.0007286650447422076
72	34.196466595807244	8.109574208229745	-100.393586734636	25	1.5523931076662638	0.000962609073396256	0.0005704708625525415
73	-16.522234903893015	-21.43287528335811	-89.40287087317118	18	1.5880290105475205	0.0009717544413864821	0.0007711033304862135
74	121.52279343192589	12.703298981539186	18.027676280171683	21	1.7131066612659274	0.0005219407116890107	0.0008324856483079668
75	40.13001017212746	-14.920924343975862	129.99640356262023	23	2.5724962771850075	0.0007784560756649015	0.0009454178061183024
76	-158.00399189259667	-13.234024804837441	60.96225558765681	23	1.9344323629860027	0.0006907895553057803	0.000604655652301888
77	-170.45837793948365	-12.87481774627075	45.499163844426526	20	2.039191601300848	0.0005741526686621581	0.0006095563218346385
78	44.69929246559956	-20.078997430556385	1.9103564070158807	21	2.866229822281574	0.0006199853843047606	0.0005489765899177524
79	-1.4125584080159292	9.61347370785312	-93.13495540786296	22	1.820554968228772	0.0006895215744828618	0.000951975693344289
80	-164.9459595849551	63.71630727521152	-5.252791945154317	24	2.524748226453816	0.00080009333106298	0.0009449773483243358
81	160.59879008549856	-48.57629487614151	48.21409020117435	20	1.8100797352865161	0.0005169768288341217	0.0009549043607198458
82	-145.85725759287735	-85.80415111591375	-171.31055685806555	28	2.6988865298401414	0.0006183348635643219	0.0009819122064703984
83	-144.02403614893063	-15.809424068940338	129.80735744810028	18	2.765486079727112	0.0007598697876227108	0.0008809703429407516
84	-49.58801687785941	12.630501842733416	67.71129331013312	29	1.5839046544660038	0.0005610697122260934	0.000658776576126245
85	-146.57942795526165	-41.662272361294036	152.95712258094667	20	2.514526267312977	0.000775212199420391	0.0005583424942819957
86	-134.2080040645155	-7.9134682528515805	21.625199384309713	16	2.787641923891524	0.0009820932385880966	0.000992963709225597
87	-157.61964367358357	-35.81654489413763	-146.99906823263802	28	1.9923611220069963	0.0006076288506079059	0.0009370879697260103
88	148.9041286997475	35.83362174956056	67.72206839453328	26	1.9329040346364883	0.0009173189870778922	0.0009182092898112606
89	0.18279773039938246	56.88782579498739	-34.918786374024485	29	1.6813096400124286	0.0009975795726963783	0.0007599085572355264
90	21.86376238900301	-60.46765106524174	-123.5634982099545	15	2.8221722210581603	0.0009499967898917329	0.000721070407400563
91	-12.747657472189474	82.950995734454	140.4778210918542	26	2.862675124304175	0.0007138042486945573	0.000546201313880738
92	43.98470655554569	41.58897534489431	-178.43978588143187	15	2.6971665345405773	0.0009166139433724727	0.0006341677346875935
93	89.21286043824422	65.51952560816686	-4.066782850852225	15	2.945799422808454	0.0009080704807386533	0.000781891840666117
94	-98.92441656697895	25.241807855517532	-87.62870368001586	29	2.1241404047774934	0.0006109450765657032	0.0005640708553598613
95	9.61146346090667	38.074092602634344	-78.79791636774567	16	1.8744409187170024	0.0008339539322105576	0.0008971035589617456
96	-36.09004054437728	-18.08557621908486	-7.072613306084963	15	1.5323858662067487	0.0008429232196053105	0.0009298534958043031
97	-147.51329517946687	38.80740735561038	40.20976217185001	26	1.7167794706756285	0.000553721196960006	0.0006869227387807555
98	-85.3517957309044	49.00152720134253	15.19504908669903	29	2.6381502273257333	0.0005779591825255171	0.0005224319937640093
99	148.38575459179995	18.538587076678606	-103.9737790896849	18	2.1489405665074988	0.0007405266327551089	0.0005196699807272431
0	-160.74431040165052	14.007502808741524	-130.13882249728212	18	2.850867111836141	0.0004578656311254769	0.00043826330322170636
1	10.105816215295887	-51.6434676994205	-143.53617258271126	22	2.9423650449009084	0.0002262474344256593	0.00028496347614555295
2	104.8346876820541	-22.746105336195676	69.62594742900389	25	2.0655448493929285	0.0004542093775048652	0.0002807775570532196
3	-45.15853437415175	-3.372084038562674	118.14197136513438	19	1.5659702806203502	0.0004390179858887778	0.0002815580110999893
4	-145.6760023630165	6.7802045614871025	-143.68323376060152	21	2.352091099128234	0.00013673204116601052	0.000241756569794893
5	153.60713786196715	15.910970589107881	-87.45695072529911	18	2.2989191513132625	0.0002994257541399	0.00022213692094360453
6	-172.04957728105907	0.6932068857077599	155.1185094886715	16	2.7633510479379857	0.00020757822197102921	0.0001443460635416709
7	-129.8852441603889	49.91009418643479	-102.76961305312508	16	1.6440419931930372	0.00015475732401125576	0.0004216409462186562
8	47.94955030606878	-26.424100463782466	-142.39638361991626	20	2.004765854460733	0.00022221576049516088	0.00019121116156300765
9	-6.026016759949093	-4.1468824518552365	139.8454860983954	21	2.8949900122051475	0.00020801210506101337	0.00040764582616099345
10	162.66622085432388	30.798005438049653	8.000665395777844	19	2.83496413977499	0.00020152347144732319	0.0003463448872355108
11	-82.57746079913501	32.48186775869157	20.688347786989958	25	1.6189623042717831	0.0004893048409308915	0.00048638082276752025
12	-97.4522968166079	40.197347135487526	49.02215823480654	20	1.9844605538286424	0.0004806202061815615	0.0004110836207242937
13	136.26571722896023	-35.975194370171785	-107.66169071976202	23	2.990477065577444	0.00046688852146882975	0.00036495870556994445
14	-174.83354024704175	-3.286209512356493	45.259346800541074	21	2.6117911431642264	0.00047475054124984	0.00035202461404594293
15	-110.968661593144	-41.359118896658295	14.273638072280537	25	1.9112144621603866	0.0003665099603915447	0.0004325752868272224
16	140.87265276566956	-55.87694950696773	-86.89443045210878	19	2.480859271778748	0.00042427575171381614	0.00018587300094353743
17	-68.51619031630806	-44.671185007339275	121.65864497764399	24	2.597420255153499	0.0001383397149035327	0.00040325602913502344
18	74.01711074219968	-46.46402679351985	97.11036542888415	17	1.8797339547570175	0.00017009968926963074	0.00044145092482625136
19	-55.36548067315214	-47.15972526117762	132.04786604559277	22	1.5580859395720905	0.00046739401319512565	0.00021537930525398357
20	77.90099868997949	-38.76785315079059	51.54148350882626	16	1.6578027195573157	0.00033552034656064125	0.0003348433733072646
21	-116.00035900511314	-9.15265924822763	18.83600713583065	17	2.713138368266698	0.0002302949855662995	0.00038735633816691753
22	-151.60837726276452	42.3464339654928	55.75500620914583	20	2.97752499644993	0.0002623567784808132	0.0003553330524071213
23	-78.0723502301469	-7.2766455879023155	165.87818855683142	23	2.631549040571759	0.00035552096710760625	0.0003063289379383615
24	-131.64829793783997	-56.159556030934574	156.22469100259457	23	1.6815471092974528	0.00010857726448477723	0.0004452185065221036
25	-120.43045043992143	-17.86121275381018	-47.325042921615506	18	1.7288461354101412	0.0004696704910429622	0.0004358644489440475
26	131.99427116011324	-43.17898345599592	170.5801557257566	19	2.6028332775434997	0.00028917583281879854	0.00036738341208834564
27	-162.19310541202344	-24.12131735139849	41.66480523834081	26	2.738759283428866	0.00011754911589071325	0.00011788667199636859
28	48.85636057600363	27.65623258605086	-90.41838374312626	21	2.0724274500572064	0.0003493361506735425	0.00012952311511547562
29	-170.8059581964171	-13.52116796449748	103.31693283822963	20	1.9194082258217664	0.00011818390897932996	0.00038644115394512933
30	94.55757246166064	48.553032082287444	137.35928953077382	29	2.959415833108363	0.00021347528141216828	0.0001434564540101523
31	17.255239627333403	50.971289098396056	-82.56622563287479	21	2.030064600890652	0.00024343670097693842	0.00033219521877328136
32	162.6087456285353	60.4548098257138	-96.82143934327885	23	2.3444843481352016	0.0002391160754826557	0.0004303610565958659
33	88.08188942501728	50.814039325769514	-120.51491183732848	20	2.0882722959438604	0.0003683457073749534	0.0002889665686569024
34	-46.657292723403565	9.258555312300546	73.65213936205866	20	1.770435218318571	0.0003530728677296847	0.0002740407715591648
35	123.37107726821912	75.71478655800594	-166.39845776153138	18	2.939726076584593	0.00032120845061663615	0.00027528724161896977
36	40.76876497640538	-31.46968920773074	32.10900599958498	19	1.9617267248181463	0.00039900290249333655	0.00027080548970205933
37	76.62963734988497	-25.54968434783704	28.785839329118424	15	2.5511564012881034	0.00033007845999074757	0.00025143978798648645
38	-44.45333377095039	-47.59589110633711	-158.3911223487463	24	1.8022626261880645	0.00033473631347631227	0.0003269404175428154
39	54.529026812544416	3.650371307979499	-58.75369599525838	17	2.201261532300729	0.00044554059030530726	0.0004508575853341181
40	-71.86650291705942	49.578531064244984	160.67154521834232	26	1.7518158225459821	0.00027306792611744607	0.0004140929544221237
41	-11.427314501032944	11.415296419738194	145.04233052756447	27	1.8442615094965764	0.0003642926170388377	0.0004948018331194284
42	130.10275639059043	54.43535494418741	48.30505533611052	24	2.884686406616578	0.00024638030293264076	0.00022296726596457574
43	-162.74524037775356	-31.39097455443836	80.81049560334736	20	2.521471269626996	0.00042547887567918885	0.0003189043732908999
44	-143.2643900172605	-50.581028909104774	18.248115440698406	28	2.8500151669296443	0.0002394147289850129	0.0001763515739518241
45	-101.5309764159222	37.18896731586185	19.572172853942703	15	2.2171783951775077	0.00042408894874442133	0.0004761486179881829
46	-169.89353149639027	19.818321212703736	-170.60603779977288	17	2.532761856636744	0.00037952417476467214	0.0004607205269890136
47	3.7389669775661427	-10.111660966497608	142.2201750105457	20	2.5393328472907912	0.0004470388674351784	0.00048652327901337565
48	-93.35563869221022	69.3252116090645	107.53348313360432	15	1.7990160889928901	0.00022950772479049427	0.0004652112148994643
49	-12.485679511784058	-47.55915103732344	-147.0435553976396	17	2.341114065025565	0.00010351770606917385	0.00030571747692231365
50	-38.99088175499108	-21.518456401864697	-6.071317279254812	29	2.199549809080702	0.00030025967022813676	0.00020672698003817123
51	95.14701428521948	33.50155119839032	2.3143716825746035	20	1.7238762621055816	0.00045943949151919494	0.00018386995133443584
52	-109.91008836956829	-46.26996066432888	139.38045434256253	16	2.0025830692582116	0.00029760863224667254	0.0004838640228936771
53	-156.98503694591972	-24.209480588149226	88.8417253628666	24	2.9217946446341516	0.00029058473736367336	0.0001802450412134838
54	77.11314962285437	-57.439246738435806	24.536805629450065	19	1.6314460801052642	0.00032355232581278296	0.00026265669435695464
55	126.91554883129285	-4.631292261202486	153.23150116040662	26	2.9447531620967524	0.00025218714269836416	0.00019716766298510496
56	-113.28114596521462	6.1616848922348915	2.4106724107921345	15	2.3981938656635844	0.00038002007188279194	0.0004970981356779051
57	71.03017035801983	57.008987616419965	-136.52113033452162	24	1.9203307227770634	0.00045059163485113994	0.00036943680893452375
58	-179.38286401547515	65.64616163507958	-46.06423426536641	28	2.0505839611137335	0.00034761160063876215	0.00014889942690529125
59	-176.2702093265019	-17.91325831230232	-92.34179520062929	23	2.958563003679763	0.00042654533976205634	0.0003671414875823781
60	-92.11090676153074	21.37443917143344	174.2237677900684	20	2.656554288351622	0.00031003289106628214	0.00036241425132780566
61	77.92827803893036	-33.43265430058581	66.66807646989538	23	2.283264442145886	0.00032452822620030494	0.00041730515076585773
62	122.7474452872252	-10.899721447547021	-141.15014329809415	19	1.7769270533070425	0.00022185196344852199	0.00026424973687630795
63	-48.789309970016745	-10.575079140258419	36.327762300727926	21	1.6693920074737703	0.0004967927329272993	0.00039563948703669357
64	81.50357825379568	55.034484312331614	35.15462429466734	29	1.779506227950035	0.00010018545212416838	0.0003625765608313178
65	-130.44582756234368	1.9657286801781566	138.5305338080477	19	2.960905711450086	0.00011992349494266207	0.00016012198061818392
66	-5.958855019586795	62.62978662216072	-139.078125802519	25	1.7437635423866422	0.0002697900845610389	0.00040862816414179273
67	115.83003797961452	8.824843633974965	-136.17802559770755	27	2.4219073670457387	0.0003974651776268776	0.0004213264051372897
68	56.831024888139986	-53.86793778110336	-170.65227895390115	28	1.8415298818725656	0.00012794635871162994	0.00023391140617465077
69	36.68431172468819	-6.324825576478245	42.37148427710304	20	2.2207336167095564	0.0003476071452369774	0.00020732693530039868
70	10.263155136611813	70.80845513662292	165.63851731641407	18	1.676148095668458	0.00041761530773005165	0.00024421341969063653
71	-20.74313993390851	57.003637081916395	-27.009134420942765	15	2.218982349202216	0.0004491248910763116	0.00038286778446207067
72	59.96056039999166	38.42781321541022	21.764983362029255	19	2.106585684784278	0.00012584302803255484	0.00039375066711944736
73	-176.33014156865036	41.91364571847242	144.65642850460242	28	2.3494143005148898	0.0003757122656933921	0.00012197569831409218
74	-116.47362925398672	-78.68980855401865	-36.271804508821475	19	2.704564210532686	0.000347891703277436	0.0002969632027183209
75	1.7998036294634399	88.93699871131852	-115.46528159791347	29	2.2367599272865832	0.0003789108442178702	0.00030161863111722567
76	157.5379483626046	31.054531581783937	-47.76580330030871	26	2.514254621461931	0.0004561872302939299	0.00020150546343110929
77	62.95289861105501	53.940380396863546	-34.79103179992003	20	1.9638422106843811	0.00032324010620647116	0.0004677892548374762
78	-164.5801746094675	-7.944076700467179	173.20837495630957	21	2.932666008697207	0.00020159166876019272	0.00036394723540095165
79	66.2931885782534	-58.43496372507541	-135.0658773489781	19	1.8546184844589688	0.00021218974992040653	0.00011314602641102886
80	35.67470522313222	6.545577787607928	21.04139241177947	29	1.6387633365340195	0.000421007963916897	0.0003556465019301615
81	-117.12926951023509	-20.646227621687828	-139.45843965004423	15	2.2872452393105194	0.0004861159746094161	0.0002040055166683316
82	-127.06151681505169	-44.46673759031377	-51.026568962651375	15	2.998728836161276	0.0001864690802010636	0.00014527194456848076
83	158.67167502289212	36.96245618371812	103.38254885406424	21	2.657044946592911	0.0002506295170291426	0.0001509855574482537
84	-73.29451270952394	-1.4356735707707873	-146.19783620428979	17	1.8725209084256647	0.00015600289730385419	0.00042681512977644056
85	30.84032050909849	-61.05380636232589	-99.04544816877454	16	1.9892067118521648	0.0004181936439760466	0.00028970016793033456
86	-112.29614614773853	-11.065647656842916	-40.70318265714965	27	1.7326394758311026	0.00046766860148897085	0.00012976648777126627
87	-45.72660118452614	-13.492446637788834	-69.73912904909197	19	2.0892789821887474	0.00030343288420197386	0.0004229733875033425
88	26.332308304181957	-33.103401897479564	-53.6116522532467	24	1.6145867886987315	0.00039393086574252613	0.00010814627919386707
89	-156.49841829956364	48.81440442077052	-58.795124114741526	22	2.9836530533227776	0.0003745094741471689	0.0004638166022669096
90	-110.51950085307318	21.825867449822844	-171.3418292597371	20	2.6182160657112497	0.00013664035130189284	0.00012515449619894168
91	-79.93125374738376	34.46408632509099	144.4019902970127	25	2.709168939900196	0.00036267593621462234	0.00017336973714931998
92	16.72421930528049	32.2808552545523	-10.096474836637304	16	1.8448244574440884	0.00024120300457662998	0.00032562244046273505
93	57.51504045786824	-11.173734169991954	-173.52879115584045	25	1.9973581271677054	0.00048643163636146727	0.00030715159444038534
94	59.83748055699768	20.841546018101464	124.34070340767508	27	2.062349085556482	0.00048735283073834767	0.0004203365672983098
95	136.7223991922031	-2.2923911457362274	-71.15006344743588	22	1.7375208669388176	0.00016973162903511984	0.0004316472057293925
96	162.13759402866694	27.511948304004285	34.75540640335292	18	2.950993536909729	0.00044192099009694995	0.00012905931334962625
97	21.59736747635305	0.47944350831866267	58.81717282507828	19	2.680407545665852	0.0003835985381240665	0.00013088408115437283
98	166.24725959915938	5.816672774340017	169.08123014159625	15	1.8517807874009633	0.00018835468171535605	0.0002982413194143652
99	-7.654983282802781	1.8039835548357175	66.3494760369947	29	2.5350591811924947	0.00027156292959169327	0.00023517620754268196
