3.037566137692285229e-01
5.440211640211640720e-01
6.454497354371206974e-01
6.921164021416316148e-01
7.159259259133111675e-01
7.312698412824559790e-01
7.406349206475353331e-01
7.466137566137566184e-01
7.493650793524646581e-01
7.510582010329716063e-01
7.582010581884434108e-01
7.641798941672794943e-01
7.597883598135892758e-01
7.672486772486772910e-01
7.620105820358115123e-01
7.689947089694795235e-01
7.677248677374824970e-01
7.722222221969927691e-01
7.759788360040654753e-01
7.695238095111948118e-01
7.713227513227512988e-01
7.738095238347533211e-01
7.696296296422443506e-01
7.768783068783068346e-01
7.775661375535227737e-01
7.821693121945416660e-01
7.788359788485935686e-01
7.797883598135892935e-01
