2.644473356721262380e+00
1.053190511622756897e+00
8.428479121727918688e-01
7.597515241683475695e-01
7.093069502159401463e-01
6.749190331262255871e-01
6.528603647499487961e-01
6.366242727022322079e-01
6.242353000590410428e-01
6.093837133791081273e-01
5.990985810693609803e-01
5.902849949352324543e-01
5.866520421719424450e-01
5.733940162103642324e-01
5.782677203006845179e-01
5.669898288464420011e-01
5.704676334567801987e-01
5.603723568512649633e-01
5.530559783763986381e-01
5.555691520183805299e-01
5.546374624116080509e-01
5.493214960451479056e-01
5.504625426146088074e-01
5.462107196939054443e-01
5.416804945784271519e-01
5.348061222058755337e-01
5.369135264303318555e-01
5.389509061656931888e-01
