0	-102.93806681351846	13.28454604392283	-89.63569612513484	29	1.5334544246716926	0.0009965941217178831	0.0008193922125594833
1	77.48628944540977	-43.42212608901979	128.49764797397953	18	2.0667295971243838	0.0005019130319635337	0.0008874711415110021
2	119.95609532298477	-40.92234618339967	-64.1398902665674	17	1.6710776153673008	0.0005293800302520722	0.0009980219547241547
3	91.16838319355139	53.13129865746169	133.3197823830311	19	2.512748216325645	0.0007812026608880855	0.000537057659525381
4	-3.564656430481281	20.718174232948932	52.32444705197687	25	2.6742754353292115	0.0006257731136975894	0.0009687985772095389
5	-50.53375323662809	-35.50009974709887	12.981549725142035	17	2.3243921937586776	0.0006438456666398431	0.000657828754479366
6	175.94588821018166	-26.652973908613944	-43.77343688792155	29	2.749134752003162	0.0006773235572494765	0.0007272114233038556
7	24.906842579684465	-48.62679504977786	25.23715525352148	16	2.70159480113014	0.0008672137162624702	0.0005289734675603667
8	168.82977447735541	-38.67759853242091	72.1918801032628	15	1.5082738923261205	0.0005786543682480014	0.000774375897860363
9	95.25294102244231	-26.263852358876463	177.7166543709799	20	2.228570129125982	0.0007900983995721184	0.0006459763791352912
10	-84.35092772048228	57.84444994391733	-144.7360947940875	19	2.25224425085688	0.0006979174643637093	0.0009218442540622992
11	-13.143373314217714	-0.6325940628456885	-29.539780932660477	22	1.6444047980967063	0.000754954547856517	0.0009540817263376408
12	80.94872893647754	-45.4330120488413	153.4289668870142	21	2.2318559100868995	0.0009853936891448594	0.000910791051096406
13	11.665547262732126	60.04129097855367	-1.737377230204012	19	2.1497582729911273	0.0005754479340539468	0.0006543657284601287
14	-96.24067995696778	5.452391144379702	-9.000556964193978	17	2.339553818667109	0.0005552833693220652	0.0005317430551675433
15	-174.1337741853463	-38.01720444529617	93.47310021246017	22	2.201674768181051	0.0006691611810797035	0.0006220546677803163
16	-74.24185656401208	50.35237775968524	-31.14025342657674	17	1.567689185860927	0.0009904860292179966	0.0009994410396556462
17	-169.63760300003497	-38.32319223725245	105.65781145594859	16	2.1521519743946937	0.0006965274283357232	0.0007474096442911757
18	81.44598531905716	51.76075863023546	104.53406236748803	21	1.524174279583864	0.0008979920431464491	0.000810731030413247
19	-47.782705502015396	45.113327604737265	76.33852335474417	20	2.5133252938039568	0.00090888513353151	0.0006306100929426307
20	-127.59035575208647	14.42000298229747	148.42022563221917	16	2.880503108308649	0.0005542194822586314	0.0007412568599912498
21	179.47127734861365	-84.3400626982739	64.67681471856429	27	2.5074322855750126	0.0007125640265341642	0.0008774907292810087
22	-23.15549814082479	-59.11953776174595	-108.86047624399833	28	2.862112274520105	0.0006624797919663389	0.0009022149828513022
23	-20.487104533979654	-60.481341917911735	-136.1357027280086	19	2.4553789619764803	0.0007502155411674479	0.000641042040391974
24	-111.09217881409289	13.678650021361591	174.10182375832474	23	1.7354335370286103	0.0006432190917930676	0.0007049838014277683
25	-84.93800146258454	3.975984711586706	168.37888556589112	23	2.003446211649767	0.000885044038626639	0.0008514042648406857
26	-60.10865999049038	-11.516629023982741	47.405531986404824	27	2.8863149629384592	0.0008097663578931086	0.000771605325034829
27	-95.45582457990962	42.80179332101353	-85.79531746911825	28	2.1081075042236472	0.0005069378116087349	0.0007923868382502233
28	52.88613065195408	-36.3285459019374	-43.09894033266418	25	2.1987874749628755	0.0008473174296490924	0.0009337585784968652
29	-90.87872428522161	-9.382089525564503	50.50728826636785	23	2.9377247388784555	0.0006333581475274705	0.0005949964764052957
30	-162.00056069133194	-42.236174181992936	95.27717356393738	27	2.7070039973870896	0.0008393904952569869	0.0006691043042395277
31	40.072619175011816	-55.405331091708995	-173.62277889348414	28	2.7791853155980224	0.0007508182459459043	0.0007088995254600939
32	130.71832492733583	-27.973649703401286	71.03949374407335	27	2.4261444447714116	0.0008476417351584	0.0007279614783266329
33	-73.82106794853625	7.198272485139002	177.186141821612	28	2.292412068363756	0.0005127739486551538	0.00051398071772713
34	177.11438486445093	49.349912792226995	-23.397395401777462	19	2.03276816885773	0.000782407754426889	0.0006289227239674911
35	-114.7550244345426	41.64539740919672	-46.66214522798417	28	2.7460771210960617	0.0005661014917401815	0.0007075378261681465
36	-119.6691182355135	36.5974414173636	-13.552566356252226	27	2.6946899362617525	0.0005709378691627368	0.0009512096581675467
37	134.95374788026913	-14.746595832839336	156.85770360137553	19	2.7660105455758495	0.0006882447171507313	0.000903957538752587
38	93.76843915527364	-56.82060988125361	81.5916255196072	19	2.743552511072549	0.000985976179574221	0.0007442885242675275
39	17.06235800853802	1.6867010841473538	92.77958770562361	19	2.3817274824803585	0.000897156402722323	0.0006618847084201064
40	-179.26010120011455	11.713373995305439	48.867706578157026	20	1.9765153811755454	0.0005783033134351405	0.0007339124001705023
41	-17.034979933397736	36.38559117419011	-139.2821959976447	26	2.203550126173272	0.000541984095650848	0.0009117480571549383
42	60.31273245560778	60.92911134201906	-119.04300806645526	26	2.5668937414203348	0.0009549176744356665	0.0009475883125113478
43	168.54137115184318	-11.444145322835787	29.89246229976475	22	2.862087266614718	0.0009263447758781694	0.0008574802646042296
44	-16.737126151648685	-67.08209716382912	76.77039111480107	17	2.5811080234081984	0.0005222423562101948	0.0009833107673225337
45	42.71264681665584	-1.2038057197851284	-126.26589912659087	21	2.850622833825793	0.0007182899168102539	0.0007045769267419997
46	-32.5479961096126	-1.1993753101769045	-32.47552124413883	24	2.476497124595868	0.0006100646171614788	0.0006585935594428003
47	-126.00614365848483	-66.04803479491102	-176.26596439313582	17	2.655917028028553	0.000533213634941129	0.0007498015042014544
48	148.61468326664618	-58.75015303968144	74.77357951296976	18	1.714505549376701	0.0008887102080453813	0.0007631344576583769
49	-101.0677978103912	-36.181263882055426	132.6698455489474	28	2.2665960375814613	0.0008424735388483072	0.0006992300071418556
50	58.12612262216307	-73.0143578964304	6.256812683842941	28	2.002862445008374	0.0006843197988085606	0.0007169931065949262
51	-7.158509777077226	10.760104631512334	140.4853116244986	26	2.4045553206237926	0.0009053998317854423	0.0008459946010784044
52	64.21472048881282	-23.84927018311724	32.40216279455647	27	2.895793120937505	0.0005488476916186706	0.00059320721150876
53	140.0688440473574	-17.243262928223338	-19.650468019881714	21	2.9695895574200923	0.0005906246420906868	0.0008387000467487014
54	41.71820596960073	18.351499440936173	-45.30428278611522	29	1.7595614266973876	0.0006612156671752152	0.0005378310493051211
55	55.67245919066457	-19.574592446976613	-137.46041646966898	15	2.73487943040408	0.0008541396582878364	0.0005846259412620061
56	-57.81516813691838	22.496210155062112	20.732161283121734	26	2.397846791596578	0.0007796681212982129	0.00098901263771136
57	55.6999364231751	-14.153772046848877	-57.1135666187906	28	1.5525069106786955	0.0005918947233112075	0.0005642249106180108
58	92.47169551282461	24.301877052127345	-173.66757469215676	15	1.7720214289208092	0.0008917322187118077	0.0007463964812198069
59	-170.50249002362872	-47.557332600759224	-49.241804862236	17	2.824306976146511	0.0008385458722608282	0.0007825486580741968
60	-167.45685027649526	38.13143700408094	2.2493158048234227	20	2.9248578937804615	0.0009894968846814295	0.0008761058963332124
61	142.4849860338733	-11.440303578078893	86.34901703102769	24	1.528267324871503	0.0007822381002467323	0.000801914556966389
62	-114.03286818723338	-12.508766273293238	-84.25272532691204	23	2.234995129855905	0.0009982451238779275	0.0007978000642842423
63	165.073218828641	24.62375785774614	1.370446017512068	28	2.0304182753654327	0.0005572940939657207	0.0008542632081227648
64	-103.86546582389526	9.404127946728881	-137.37815268519512	21	2.958507859667111	0.000919480762735605	0.0005474198574408436
65	108.8027876091327	-68.47981846263998	-112.71120560768287	18	2.4093393532651564	0.0008959615258105296	0.0008488391863255671
66	129.98987847464164	2.6919023405858953	168.6771794532856	16	1.6527184100796941	0.0009687323775312529	0.0006201069972752986
67	-58.01508776868109	-50.50667808239339	-43.99336621101892	21	2.3365339599476633	0.0007955733879613722	0.0005869097515465043
68	39.67672420999667	13.379023333186856	-146.29114147223942	25	1.8853366664682025	0.0006101335416491185	0.0007288069964352429
69	82.8188451886108	-18.05195930391424	-138.99011579217986	28	2.0622703476446524	0.0009447949598464067	0.0005301145280905109
70	-26.89141781083678	-0.9884974131340792	38.20158955752797	27	2.0457886478854084	0.0008526573980358034	0.0007742549691253637
71	27.677609444271088	-1.844593104290411	121.14227464889355	27	2.757970497144494	0.0007844115187940101	0.0009515607982497878
72	-125.61225114448112	53.295016290047336	36.52023009039803	26	2.8991810777174853	0.0007807804835522498	0.0005543823280122285
73	-4.156453444276646	-26.285376979381283	-8.55835692617887	18	1.6100312110415744	0.0005202156747685166	0.0009266679719383392
74	89.2340802166673	25.877927968527224	-42.743099617758375	19	2.72916776840304	0.0007217855779570599	0.00062280467315924
75	-172.11688079276465	-12.527338339055607	-62.4711229467418	15	1.6599766313694508	0.0007376583553850785	0.0006480159201434078
76	7.573275894573795	-58.22400284485353	-74.27049219147099	16	2.687119183438485	0.0006460896767755572	0.0005164811836126127
77	28.962424204789954	22.874114688225017	163.29215906845454	21	2.359595222021543	0.000767949655024749	0.0006656071846163211
78	151.74465083423524	-57.923577528845655	-115.28211565783619	26	2.295765158434307	0.0008898902699140145	0.0005271393215450611
79	-116.50339608994463	62.30411171456891	166.3590480558959	26	2.432886169687934	0.0007399935736847297	0.0005139521219806812
80	23.474567074717427	26.030362308785897	8.393091939626945	28	1.6530741062940881	0.0008312714260155894	0.0009754964560115703
81	-176.43855613905168	-22.671753318872792	13.514269100345675	27	2.013957948942549	0.0007244600758034381	0.0005738559264692077
82	172.18103652287348	-53.01014869564785	-50.77423802775147	15	2.4948675289225237	0.0006329631484943343	0.0008897276514092981
83	-106.51633775356524	-0.7462283826312468	113.54728112635829	22	2.975517793899405	0.000928776561001547	0.000866768443548573
84	-44.30265798633416	-37.23243302381738	141.79043848746954	17	2.024476103772362	0.0007148752683615823	0.0005176286872352501
85	103.70176146007599	9.63484240644769	-162.6781515122515	27	1.794984456194488	0.0009746431473995001	0.0007300194767277013
86	-163.35392106989423	-16.797155603792383	-127.26623264093718	26	2.852718750182526	0.0007126647769541258	0.0005209191165839727
87	-91.06840747845912	-12.900075295839924	-135.21843433577857	23	2.9376172175298665	0.0007121446545512457	0.0009699942694589507
88	-113.41682984702102	7.769951938343336	83.20170807824123	25	2.305229681837635	0.0005114042270116599	0.0008836279935436977
89	-10.931508421414323	2.1169920589632545	59.24694919202809	17	1.6672637053545314	0.0007015699938245816	0.000504600876875823
90	44.650196024481325	-40.9852281302035	-40.07957245388356	24	2.247604001479318	0.0008846281389919576	0.0005264899236159821
91	149.13546430066657	15.134496870453889	-15.658295655508628	17	1.849579800290045	0.000919617354056551	0.0008615963238944624
92	150.575360170054	-25.44610102836458	94.19066537271786	20	2.171035485481618	0.0008328831217143061	0.0007154847939201761
93	-135.2194902688221	-61.67661930194774	128.40711417735437	18	2.4957104383909927	0.0006620850513886895	0.0009524366503857111
94	171.5660158449824	-22.104829281965973	-83.9148576920406	19	2.5509347098234096	0.0008658302094674063	0.0005372162170539502
95	171.32821885910593	20.896931348243854	-72.7402339191501	27	2.37843161386147	0.0006008425759923305	0.0009371731455943471
96	61.53224287440091	14.241197924614179	-146.28031988031546	20	2.198841870601877	0.0006663871847494127	0.0007020065096639291
97	72.03820578237516	-23.516996292250028	54.067634741751974	20	2.004345328204494	0.0006175675970608055	0.0007167374172400119
98	-108.11906638332106	15.515785551700638	-130.18224418290953	19	2.2584118350198543	0.0005109723687564151	0.0008944839233394892
99	-29.710182319653445	-5.45110337018935	39.53881492142793	22	2.828853992859807	0.0009056872889145566	0.0008603995478020097
0	83.32352328210486	3.817790915963406	-130.02981260535952	17	2.3768768360403625	0.0009548594617296921	0.0007177275411092283
1	102.40519367602663	59.84323341723701	75.33125318292028	26	2.515459097176441	0.0006883797770796465	0.0009401843195578463
2	-155.2581088824907	58.22215944702873	95.88329382981361	26	2.8590926080073915	0.0006677017142670846	0.0005876105584922571
3	-87.21546325898315	39.34106167511642	-34.486501218054144	18	2.3938046427461286	0.0007439251503354907	0.0007346050513896562
4	147.16103264747338	-65.47306653594073	168.33618618743517	28	2.5621263018574325	0.0008289730908265342	0.0005051881706956984
5	-45.95231819086303	-10.962766409264407	-65.26599536703337	27	2.6237114020207812	0.0005241184198486067	0.0007165672776160856
6	17.362493213275275	39.935199038896776	-56.80602998799407	26	2.936239770086499	0.0005937906072294554	0.0009043146830936777
7	-25.878670728944677	66.71312010766023	-111.22610823356415	18	1.9781445050377249	0.0005944768445055255	0.0005830735491792884
8	-47.020888535986444	84.7122726351324	145.50716085570713	24	2.184707391506181	0.0009597730058710789	0.0006272678556449863
9	-3.4016231860302066	-1.4368305322276664	44.04223128282844	29	2.927849648506419	0.0009643995860294906	0.0009727348790023627
10	15.580392687728326	27.168266809514705	59.82960568627937	16	2.5762717152969636	0.0009931693457190301	0.0009714266416569727
11	58.66713204901537	-34.09489183606526	89.99950738114826	15	2.74907526456167	0.0006514999840345143	0.0008885318077488613
12	26.778704771912547	75.96462020613932	-112.06169214906997	19	2.6912340731218416	0.0006498796815934986	0.0008746399917148547
13	-115.74144588893978	81.33097714280848	47.25773072554498	19	2.177152738092035	0.0005838898099876824	0.0008904402898017094
14	4.96245701330312	-15.525555185114495	55.30072060286457	16	2.3873955451401976	0.0009094403186805366	0.0006869026046636014
15	120.27551230832347	-55.49788370010136	127.15605791925115	26	2.6955246917554536	0.0006957571372783024	0.000823434144110556
16	-60.339069873067054	34.27549586046847	-163.36563915793175	21	2.891748063972277	0.0006121157809418271	0.0007841263997382894
17	74.67644707935445	1.874577206780826	54.73117890708644	20	2.3408587606010522	0.000542786829902482	0.0006264964766999057
18	68.65437475354469	33.11928872917246	-67.7221322452226	15	2.557801334612911	0.0008585547225377421	0.0008796166378095705
19	168.15767856307724	26.328912534928453	-70.36149199756065	21	2.251651142458935	0.0007013154922390065	0.0005312715981859571
20	-152.00305833632154	-79.02658941169099	35.551691517224256	18	1.593700617873311	0.0009904903534167183	0.0007419752906436289
21	89.57535159754885	-41.093672403788815	-176.9203739892258	15	1.8625662458193206	0.0005119473465910147	0.0005944858623817329
22	-38.19191534282966	54.23065040023523	-133.55880226138817	22	2.8684497729936123	0.0007690927951667642	0.0007020397353695661
23	132.6713591424053	-3.1287030695923694	-26.452965209145255	17	1.77015597694808	0.000760376864755602	0.0007271842983152264
24	-71.12751651475511	10.529708938787293	-149.64706225227923	23	2.797753768104267	0.0007700143297505065	0.0005917267044095788
25	14.230850028607387	65.9442146269876	-149.46008301212746	21	2.5044936966220357	0.0008459215861386427	0.0005240207039524396
26	-175.0554814420904	50.13660617127089	-1.654914680178006	17	2.166573716165871	0.0007919049503796888	0.0005627055992971023
27	-155.1039248770983	-37.94357144983158	154.1326278417531	23	2.69610689298366	0.0008346131385344384	0.0007806651590714327
28	23.512666500268438	15.022881366258988	103.84352925817377	24	2.710438961339221	0.0007069701712168377	0.000556721240259632
29	174.42977507330446	-29.742732418411123	162.83230354333767	24	2.3208754665919544	0.0009523096870529524	0.0009156852611785349
30	133.7413986903145	-5.323419856869208	-116.8849866347702	18	2.8552752140885036	0.0007057303137304739	0.0006066998817802241
31	-123.9042339604148	3.9983336569216616	-61.50938731321778	23	2.5771901493707237	0.0006619904669597563	0.0009424963342776248
32	-122.15666516984595	-51.48939414873514	-142.87083606985942	19	2.6726471315217806	0.0009693927076100566	0.0007892483939905162
33	136.60817937477648	-37.343145352678725	97.1623613931901	17	1.8927733799394364	0.00097626169688891	0.0006398679331219446
34	174.84192237471035	-15.645674862139654	63.73558150922459	20	2.457522845198235	0.000616711649515177	0.0009979281249823855
35	119.05612952595928	9.686445420070651	109.3539867752676	26	2.95589835004823	0.0009660090874782006	0.0006477012488513809
36	-42.596724478180995	16.695539219252645	26.830573444680176	16	1.8774751813140007	0.0006003957794385363	0.0009470607282196946
37	58.17977206897763	65.67720470668732	95.81762767322051	25	1.6440095777117971	0.0009679881927996276	0.0006002903755529863
38	19.21103253858528	11.34493838716247	162.50788206192138	29	2.76995280544023	0.0009016646225658495	0.0008301481211397715
39	24.79581949149161	39.3905660598797	-101.89857168091048	28	1.6028306088080524	0.0009997007952580273	0.0005800146055993133
40	153.09271153553817	16.168457665109532	-100.3278274839518	24	2.3036685777492463	0.0006770252416234013	0.0006100180792708448
41	-174.6916914824882	9.889744782021953	108.6372593168958	26	2.3217332205759957	0.0006225489168181274	0.0009732626166600306
42	135.38989036991168	17.54189317710455	-26.30419531394533	24	1.9486931417116575	0.0005992898141886534	0.0009605771525565921
43	-137.96978337779734	9.36879906540503	19.038930890690015	23	1.969755921416788	0.0007315990425766034	0.000631267401728126
44	-123.53537165054745	-3.763667166954518	-96.11706743328271	21	2.5909956450627853	0.0008166317707394208	0.0009760181204490446
45	86.75900289139766	42.48195127681912	-50.57104588141127	20	2.992615212764845	0.0006506368777148751	0.0007658593113440332
46	-32.0026028565348	-32.83410497282373	159.38226584001274	22	1.7148698081008347	0.0007857743597796809	0.000531917904215738
47	22.531456831214584	-0.8828376082589124	92.05105264766317	29	2.6940404752325144	0.0007973123503676466	0.0007465469016281227
48	34.85933014774261	24.215679254753915	-104.62752241535122	18	1.6114040206344604	0.0009007328619604453	0.0006381088872558678
49	48.720776149657546	66.75393083878195	150.16915203306496	26	2.4862359129511598	0.0005838307115206408	0.000874917897928297
50	84.38371964671471	-7.639305211498088	139.38326944233057	21	2.7055595174518134	0.0008157157411844548	0.0008280353644499984
51	-18.977290433919812	-23.04088075553557	105.89818874293758	26	1.5152041241463006	0.0009257618250588876	0.0008282256802555864
52	93.93189814142119	-57.25983822672584	-72.05630737531642	29	2.5978167375456076	0.0006644577330318465	0.0007078006275159933
53	143.81487602514986	-39.074833377908064	157.40939104429253	15	1.751893517424454	0.00069707351830885	0.0006659221723763521
54	97.36733387402879	11.112921129261668	33.747826387417184	18	2.8018121935276477	0.0007254876282678463	0.0009144846326688386
55	6.025066060590668	-31.459437817783314	-129.69743623746086	19	1.9389343317304222	0.0006825670226848927	0.0005955160887071222
56	-40.89395216517681	21.880292825079042	21.413306901285207	17	2.8095702534138165	0.0009454436963326913	0.0009865922898815221
57	-141.37551382210344	14.697103671840361	-63.10874763373944	19	2.5664753525582933	0.000682099037349901	0.0007702819225906159
58	82.34044966176984	-30.544346195086927	151.5889377054495	29	2.906749894889923	0.0008083574270432782	0.0005973851215246616
59	149.99217661421577	-73.898086646062	-10.026631049133808	24	2.3645998212975643	0.0009293438658551701	0.0008380915860897862
60	34.897875548354186	54.84663898091563	119.24008719778332	26	1.6671457401923047	0.0008067747494386332	0.0008314949664643414
61	85.76649740480057	51.62096623607109	162.74717437499893	28	2.6486010152750286	0.0008918700615015462	0.0008468555187390221
62	30.127737337029288	81.54422714099594	-168.42360811062053	29	1.6269843583638703	0.000576346930636176	0.0006100167277830309
63	107.24110994354396	27.974277631643574	-152.35898718581896	20	2.050873503308204	0.0007541673318560815	0.0005223644313439714
64	-158.6598290693973	55.09990353084483	113.30975286553144	19	2.695320507956551	0.0009138955951700601	0.0005195005622417157
65	-110.99418329735757	45.118648532471326	-37.16515416221332	17	2.098038781799584	0.0005377224413169129	0.0005331326981942952
66	-42.651371091585276	-13.729441548490568	49.36318330256013	19	2.09258805787035	0.0007295243116297149	0.0008268217668129746
67	-22.032607238035546	-21.256208384527365	23.386153697704355	18	2.981745891891179	0.0008028453204630475	0.000873847303450667
68	-19.31972979308949	-27.440956935200926	-46.39100295889395	23	1.6036190933728958	0.0006871806786330699	0.0008013342847094701
69	55.51374577291349	-77.43938152242656	-132.4188870693195	16	2.496043376063726	0.000840621022304683	0.0007546120504482151
70	-25.575382594994938	-22.619302148791554	-175.37079867444373	22	2.331849253971073	0.0009044970765243118	0.0007773008479314517
71	79.9739369473838	10.788396432769265	-102.50809117964235	20	2.9221744797503333	0.000699040134359571	0.0006232659151420908
72	139.36313922906163	-45.60154588855549	148.7099135416002	22	1.629347428902363	0.0008086623667767324	0.0008097108896229332
73	176.09354526467658	34.115850147217536	98.44921546282387	17	1.7263913109813136	0.0009283468339743941	0.0009150053100456791
74	70.77191416034323	-37.23219022026976	-94.29293197197237	24	2.4815906833169024	0.0008464079800919208	0.0005412209669710064
75	85.21139776479363	36.385739544569276	45.097467077243394	21	1.529837395320246	0.0005650009998877795	0.0006498647527452707
76	-94.05575606523476	-50.198160731139374	101.81770574291943	15	1.7731160770460108	0.0009039492256922594	0.0008584683659730342
77	-57.61538975852932	-59.95064353657194	5.190426429993853	21	2.705706906332815	0.0008258266595717403	0.0005622678738828814
78	-47.78575914640433	5.78862012049908	-63.901806660667894	16	1.597718304463146	0.0006663947736291112	0.0006626421411003968
79	-102.4721029867059	60.42536872423922	49.9666898217919	28	2.3672252603436297	0.0009288755919266295	0.0009520650824022927
80	135.26279932171516	25.48197736743283	-169.24630452134866	23	2.654262624434865	0.0009565856594896287	0.0006828826182022196
81	-75.8542924998113	11.11989913920414	10.013075135688918	21	1.7717447488751161	0.0005950616963691026	0.000990229802746886
82	-50.20381820096269	-33.19583317171304	26.505596051454862	17	2.609741103473448	0.00063520833360915	0.000510454830231879
83	-81.33666706674904	-9.836718221973884	-43.72828094043641	24	1.9462420767715782	0.000892199297876656	0.0005804877731897711
84	31.098235704354455	21.473476115153826	133.40072674792108	25	2.5068723547756933	0.0008393597828526136	0.000677368023932241
85	24.95224098410731	23.786449575658658	-58.066206750632674	26	1.5405174153638375	0.0007794591857050797	0.0005742983989051173
86	-131.58354099089158	-9.144464064924131	-89.63716199757178	25	2.61171110956727	0.0008517651151045199	0.0009095394170375519
87	-48.96004733281005	-62.6379527082085	-39.045753186828016	21	2.496647728975108	0.0009014227792214105	0.0005457615559889017
88	-132.4053872033098	-81.09865485541587	-41.45994556464345	25	2.4398005260135576	0.0009169514027120064	0.0006628301190813098
89	-34.82974059390316	37.82759616477405	33.25420371826845	19	2.892378772797792	0.0005860910885800009	0.0007507375515034553
90	-62.10290683697141	-40.03620413176862	75.72005690537215	17	1.5587916300593947	0.0008263608877707919	0.0007855716290739493
91	47.48095456693951	-64.97569027401957	43.68090044769608	29	1.9505544090875864	0.0008376212864641972	0.0005713558980968922
92	7.676904219238494	3.1973825450845843	-23.218379141620805	26	1.9879271602636612	0.0007090082911791225	0.0005429287500734695
93	-96.4086542446768	46.39509587922963	-54.75291553699467	20	2.544271476457726	0.0007541917129402851	0.0008897404549873702
94	-31.060243876761927	-12.029308497973206	140.44895697845743	19	2.509445774850697	0.0008031055980426817	0.00082867117473317
95	129.55380658594015	-29.64568875950138	-102.69457495157558	29	2.431281773340573	0.0008734406205748663	0.0009512887286873672
96	179.82369269977445	58.0828479914515	69.8968874545087	19	2.750879634263642	0.000910952502228738	0.0006709896118016905
97	-120.20765025506468	37.319927503694856	-7.749671967323047	16	2.4243088850583137	0.0008814394445013332	0.000958159914561254
98	177.3517504569595	-8.50217353505763	171.7180272606818	18	1.527374685896808	0.0008867956114385121	0.0009989837633857385
99	89.35345011916871	2.8095779540647325	-109.88097939447914	24	2.308383439573584	0.0008279337664491706	0.0007380582313519658
0	50.414142764125906	19.18533913778937	110.91474373641786	19	1.7296981844428325	0.0004146490421700485	0.0003107981194166459
1	-108.25228779471114	-20.69291224981156	165.73078644875486	29	1.8167159043706924	0.00011783664203748737	0.0002049210463431522
2	-71.00738401970227	-20.377712583489703	88.01645466054009	21	1.8497936177562653	0.0002831653135883052	0.00028840827677121465
3	-148.43495703046386	-50.99917752162645	-175.35771387330823	17	2.9551285452870726	0.000432335050804066	0.00022034738679677524
4	126.15482276009931	52.77263686127033	-91.88080415773828	23	2.1147227045346266	0.00016535483333172908	0.0004099640404082815
5	-41.035260538496736	46.27243305526991	7.306716206427082	21	1.6362974757704833	0.00035303799037965204	0.00026658104037498266
6	179.84233786100756	-17.945584269948526	-160.90929459656476	26	1.9849989876468606	0.00013256649034338854	0.0002485313172381891
7	103.2823789470495	8.746279170457205	29.48585274594153	25	1.6248994022674867	0.00023597070423708868	0.0003619059436595282
8	161.9779777948769	-72.33818536111073	-46.96011781995777	17	1.8531229305044896	0.00023320083296005383	0.00026444634341950523
9	-1.4153393548164093	-59.91625239042225	-100.2252482648165	20	2.777781600599287	0.0002910353156027809	0.00034077700543672107
10	-14.289985151574928	52.748855692514105	-14.794919893384566	15	1.9631910758391806	0.0002837021094970108	0.00011154247693896858
11	-171.33436737342922	-30.451149322561236	70.44758302768598	25	1.5078143309093923	0.0004299414422245331	0.0002525713117306755
12	-91.13818876089503	-39.784313852909136	81.77896047392562	19	2.319613511197334	0.00022614091679690684	0.0004157569704419544
13	83.96931937627053	41.153987593445095	-84.72907080281819	15	2.3127804108141534	0.00016529100398426206	0.0002692614529626366
14	-123.7196593811629	-12.294495009115302	2.2964701979741764	19	2.7194882447845687	0.00020473756396442104	0.00019205762455996937
15	108.90193476729236	13.5321457308063	-60.91441852630187	26	2.509103350052251	0.0003417046538154789	0.0004742439962691292
16	102.45879441144186	-4.786837592896268	-151.23409849559266	28	2.0392498608513576	0.00015638808243973427	0.00011194947832849912
17	150.45487995417255	-27.172908596348044	-111.64888434816496	19	1.624223863372061	0.0001369168647722249	0.00029218229989069256
18	-60.344589177318205	36.064410664762086	-155.40409388281037	15	1.712606667268947	0.0004349920300782046	0.0003856734686732948
19	-50.58560946650915	-81.95294079208617	60.21516291863648	17	2.522740365042451	0.00010486220557194391	0.0004994180670646948
20	143.19704493781327	40.577598820371556	-37.7545045107426	18	1.977946061356132	0.0003313243518233107	0.00043655467789169544
21	124.46424066403932	-58.701056768003646	-14.182891967034921	18	2.3029086607768163	0.00013707495447763457	0.00017998242418223044
22	-86.50712727550598	-18.559959443720782	-120.54214178782503	22	2.2869226282897293	0.00047643959512779394	0.00043533068533662474
23	-179.48375893292595	49.03087800230859	165.25643606573738	24	2.1277507860346883	0.0004977373555546012	0.00029107692237610456
24	153.1633576262549	-10.115646682547885	-12.257076462480251	17	1.828015978181337	0.0002359041622811785	0.00037409352700267754
25	-176.62742267366315	40.319127854819904	-30.751236417224767	16	2.9868279412484053	0.00014040265729089047	0.00023354010902196985
26	97.21262417532783	30.47107296104315	93.48965297171537	20	2.5470366741914434	0.00033601018545107537	0.00046344600421319615
27	70.80789376179901	-45.60907813121832	-102.64794103570209	21	1.8663281167836352	0.00031064361162956496	0.0002558973768251099
28	117.61197912618097	58.360191767719876	167.10902014586932	28	1.8804602007466502	0.00041474335170747247	0.00011089514271619895
29	66.98261041962881	-30.504019543597412	27.90946782806678	18	2.761696858252612	0.00028477806860448436	0.0002509889714518246
30	67.42317239044304	-8.00283355701002	-33.29421015091727	19	2.899866671138891	0.0003683060064245553	0.00023590542544502476
31	-166.75460308396453	-47.33307610042385	-109.14359532541062	27	2.8057120984180317	0.0002016197728646425	0.0002291306863796109
32	38.57095303903612	80.5375419783943	165.326970847003	22	2.7640707150425414	0.0004042596617131762	0.00019398495892424417
33	-156.59286754620786	50.266955551286294	102.34470079432984	29	1.6370728874335136	0.00047313096783068836	0.00010686013192443163
34	-15.587278591314131	50.66314676666472	157.79038604155738	15	2.677428464907133	0.0004821041974502093	0.00011851727128087375
35	-63.761064141155245	42.124770216628534	171.32182921185847	16	1.917548672026252	0.00043215397850316343	0.0002605970282253807
36	90.00490437985617	42.59842382788362	143.46552010847682	19	2.1488763964743227	0.00026652213197986556	0.00024090707979267898
37	151.4300062972979	-0.6153867385474076	26.854440938364693	23	2.811527376696248	0.00033519911244587076	0.00035569910165731463
38	62.674400606713704	-14.466496722699995	-57.87181148719116	24	2.0460328806961456	0.0002588915926965414	0.00047982626535398074
39	-111.02035463628407	-36.017369405919105	151.5188704815239	20	2.083582139096394	0.0004179184759118234	0.00027192494305147447
40	162.83632764679047	-38.13051151883042	76.88940406674543	26	2.3436158900519226	0.0004803361428807277	0.00032351752317509526
41	21.783975633485678	69.66329881703655	82.59357307591142	16	2.13994495042188	0.00029651786781512233	0.0003309580577159026
42	63.984313826043	4.741976513688166	-47.648303757221164	25	1.9544972384399397	0.00037947212898147356	0.0003326639867329227
43	171.02076010280842	-9.819754273252551	-51.91742615427737	24	1.9671518829634325	0.0004469684655954017	0.000287934062807925
44	-19.182980014454422	23.82973220641694	99.58611315492672	24	2.5802121894198113	0.000383713843032591	0.00037598928477850185
45	23.98869773113351	-16.692897013966014	-124.38146855633882	24	2.4886896723298224	0.00011754878958210676	0.00017196206044110726
46	91.7609276422097	60.89269476112043	-171.72909679447855	20	2.0142222264538994	0.0004254417803897979	0.00014145391828554904
47	173.05899559145405	-12.902760046943202	171.00506842031336	27	1.5897709912430746	0.00031966065438879916	0.00020265548270090831
48	-22.18600201362307	-32.56584914893699	-2.8950672822799897	29	1.7093836631979502	0.00029870644448437046	0.00042312811790976403
49	29.078981499876523	61.122335236014244	-10.449447485220887	24	1.8933416849027074	0.00011550747719748806	0.0002609584403832836
50	91.51821259760753	-80.47173275683915	147.90797119606572	26	2.358921776665121	0.0004295546253292623	0.0003066495465954573
51	-112.00076173349657	-25.876217060961554	-39.442130610361914	21	2.5282657943512374	0.00016198372542602506	0.0003379983126988419
52	107.4771038958374	-50.84675644023351	-3.2669339693658586	25	1.7241028925784485	0.00017146921665609513	0.00039800072688365334
53	55.5003817427789	2.450566178914197	-32.04247921223281	20	2.389116424499176	0.00029819731385346724	0.0004351163294456926
54	100.20424618313108	3.496010543683327	127.66230228645135	24	2.919637898151056	0.0002756816793899931	0.00034551089561873476
55	-178.67018393950005	-52.21456182150587	-39.01669950508031	15	2.905657561148921	0.00022248513367669864	0.00031108826077966745
56	99.18064826288756	12.40497625967325	26.289748290957206	16	2.714324966736439	0.00041721128645049685	0.00029197408450256366
57	74.18896672354816	18.948495203116575	-59.26097289471686	27	2.0264826442104598	0.00034164131002664396	0.00016990910203900581
58	-47.91977873699021	46.70616256636244	155.8848704746642	19	1.962698252979513	0.00019276081649151523	0.00021231477508515943
59	177.16959077400918	-48.81225273782221	-88.53287816145428	27	1.7918529045047242	0.0001707315269555587	0.00018240328310084608
60	-97.93435555002743	6.971684186157097	170.48061094223402	26	2.1883032793647175	0.00018349839045640195	0.0002047547529383237
61	-89.47735574910361	5.553652547933037	-85.69521173349973	23	2.422541905785587	0.000292571037509013	0.0002733173258063114
62	153.15133547502748	47.454289828772936	-157.4168081281442	21	1.811289572475189	0.00022117040032329044	0.0002076889570109658
63	134.39012783344955	-0.22419395029824546	172.04542249056811	28	1.6720273879224554	0.0003663261206971411	0.00015143845706397212
64	-88.12712175806523	-22.968591800532817	-20.497341989512748	17	2.469167619870669	0.00041869043960131286	0.0004873454169421987
65	46.91412942566402	26.920897857460613	73.4023703205211	24	1.663679153270077	0.00045206374985183123	0.0003196747761695653
66	3.343443536270116	-31.849082509169044	108.93286272963746	21	1.6725209860795742	0.0004938100951871955	0.00029045695793030433
67	-115.83094586765834	-12.55612251266204	24.483851520645242	29	2.115415553181409	0.0002507263241798259	0.00010838003713173144
68	-134.94876135267236	18.111892685193936	75.13581901334447	19	1.9093033815808171	0.00010632171191212586	0.0004573296565245735
69	160.7685285825306	-50.344599442745555	166.88618710288338	18	2.3966610093392537	0.00021155138517448788	0.00044677947548704873
70	138.61383327702939	11.668309887773471	131.57766861692286	29	2.833084194090165	0.0004794132360858932	0.0003133026255370699
71	174.73864312967802	-3.4879765952053097	-122.03545787875703	21	1.7891033734123538	0.0002605799189590298	0.00014489242104162434
72	43.13492790541366	-31.730878997356374	41.75563504922896	15	1.9117994257395134	0.0002549073467442168	0.00010222157941385999
73	-151.1935319456242	48.41451207601948	-137.28543966644474	25	2.734130098007486	0.00026103598344521097	0.0003388868604790557
74	-2.7898986649069064	10.614165959625366	74.23175197610527	28	2.6864943675929314	0.00029031574791476417	0.0003946053007781676
75	-128.4646509592355	1.6463351499197063	-85.40852748913456	16	2.7947148057692157	0.00038098695786615254	0.0004026472216008371
76	45.28557619418482	-6.173032851184819	-129.64800246545957	16	1.6239602962546973	0.0004000643589149158	0.000211913276329689
77	37.17388438945336	70.39886273020315	147.24750459085078	25	1.8634611420961078	0.00048494776745984503	0.00016568960437553796
78	-108.5867498523085	-33.639353888310595	-2.5006036580562068	29	2.038835022192171	0.00023732910568861958	0.0004533605243169836
79	-165.06089199977336	-77.0367555079704	49.77187583435234	22	2.7258466550620577	0.00034155027700121584	0.00016531802338345665
80	-122.00038392178938	-30.652157575017807	174.82127498524386	26	2.6824944044332435	0.0002056831855345961	0.00016446639304684734
81	56.677107341263245	-3.1889486253271513	115.19998837603285	21	1.8981640303392417	0.00032225837993766116	0.00040389673703932014
82	-16.702686295783014	-53.28349265095338	-42.36099699600372	26	1.5661311605426902	0.00032704794657710225	0.00011965844073862
83	175.61580414125788	-59.31653649143977	-43.96366795772742	29	1.8390971289444822	0.0003953484365802929	0.0004781049735795276
84	138.7090231846869	70.34737416085733	-27.117024948658322	22	2.1547349615276143	0.00022455040050388224	0.00014099606303247307
85	-141.89578770343005	-14.705087661310978	128.11372695929217	29	2.3098640685244245	0.00014604375830805296	0.0003170654121867392
86	-106.22925452198272	-21.87020850322762	-136.29406495427276	19	2.9864459255863465	0.0002425205228652044	0.00030962070977231105
87	37.25139110426636	14.620009108678426	-72.38149812763777	17	1.806810429418103	0.00031178146126048306	0.0004035908253926093
88	-98.0791004019606	60.867237970142824	111.10772707547625	18	2.9166951336967863	0.0004312250141214426	0.00023887020775204888
89	130.95148914896947	32.837771423098495	100.61853634985195	15	2.7426382842141095	0.00016785739127933824	0.00018855857870895285
90	-110.5478324562199	2.761240252056954	-109.96006916144944	18	1.7843057123729194	0.0001635863567424309	0.0004103120971957808
91	51.33342135465984	51.20252642342274	-155.84004592587905	16	2.5504061265246833	0.00044903403897858215	0.00042278162341867443
92	-47.29691281261307	31.67608394729219	84.46105162636623	17	1.911877647211822	0.0001307339595448223	0.00012939700106106883
93	-65.48463543216951	9.074056900860144	-89.77764783113642	16	1.6822127681125054	0.0002524725344537328	0.00040172906296786733
94	-173.57579196963454	-33.654884615955424	2.0858440855941076	25	1.6348192051093928	0.000103106557070662	0.00010949577724413833
95	-124.71658401380293	30.868590775317053	-179.79017421295836	28	2.6858495113406313	0.00010382417395207272	0.00017995722778371405
96	-19.349986510312135	28.035610808873344	125.76779627193942	15	2.300727125559885	0.00015008787147138722	0.00024961570589577777
97	108.10267285962037	-49.58216469611725	160.2853467601009	19	2.6487642975642167	0.00035859842901771633	0.00034325545530128636
98	-164.0974372880738	37.00543754178206	-54.8006736744791	18	2.8974915635705623	0.00014152627706998973	0.00019568979763748886
99	-8.668061529617272	9.55439814879675	30.77754456470407	29	2.464621359177774	0.00044251157593895476	0.00021820021221175998
0	-150.413757686845	-41.07536010663652	-164.32991782174304	19	2.520307141817722	0.00034667865502960353	0.0002986470432751836
1	70.32757532722977	-42.3589618439289	108.90311941582209	18	1.7833913138989026	0.00039127951012270603	0.000406301260560264
2	169.13018450438466	52.790589573177854	-16.89494334899358	19	2.7359821883679096	0.0004900722193689526	0.00010491290429244461
3	113.04550112973767	5.20806203612636	8.274800789848932	17	2.9006803138513364	0.00043553519826076753	0.0001473978111364169
4	10.20340607950539	71.30991395442823	-152.89403625645815	19	2.7174370196921886	0.00020116144261439852	0.0003320971727420945
5	-152.30512373291396	25.630649233668745	-21.03638749852909	19	2.5988276373041246	0.00016763484109699728	0.0003182191061052396
6	128.38603970507125	61.45808995176858	93.7587822499919	26	2.629256257238591	0.0003363082573532968	0.00042579021303413287
7	45.677554868384924	60.61638136453155	95.13554150466307	21	2.072507587611586	0.0004895725136398538	0.00027071903192963834
8	-50.321114893622955	-31.37147701368033	-165.5320443914921	27	1.6947507656660297	0.00018230784645336892	0.0003058115934048708
9	111.01273532132686	-38.01510435596687	-41.162612708570364	28	2.6203597785750437	0.00019543685340957863	0.0003829878835025507
10	-83.9157693408373	-16.893639234617623	-45.75478660160534	18	2.1336457469900223	0.0004924271625119947	0.0002202742870370028
11	177.55381001257672	45.24894001160318	132.5691238132165	20	1.819507200517227	0.00046276793210025445	0.0002058000486609532
12	-178.40787477968135	12.639962332599845	100.01413833509855	17	1.8736457194709182	0.0001739157871002542	0.0001856718500460194
13	154.84451289984364	-27.629514025623592	94.83628649322804	25	2.491047650032308	0.00030466241012472696	0.00030241164554386434
14	93.61575546373635	-69.56174011314306	-114.30092740036994	24	2.135803042180562	0.0002540685927411128	0.0004225279938662884
15	-162.68512384192456	-8.0008734860653	146.4835909738114	21	2.187299056116392	0.00038014607318518934	0.000496270576086092
16	156.04321503770913	-55.12042254672052	20.50171625525349	21	2.8037325479780515	0.00021871148303508108	0.00032448452138603563
17	-94.45070432890869	33.48118400533751	-23.420743982540472	17	2.6924659721179456	0.0004253437254185891	0.0004290384276087245
18	-105.2609354171523	-14.34810739898521	-161.09070697884854	21	2.1345319788660064	0.0002622219203585087	0.0004986121955762257
19	-152.5191175618839	32.90548516467483	68.2131603644091	20	2.5126944168333085	0.0004800703057745849	0.0003900133801717987
20	-32.47756133800726	-62.38543197930868	-45.89496196129525	16	1.5513425013341222	0.00028362339886255376	0.00014321411008040217
21	-142.08484279134765	-49.27924641714298	-166.08018559892028	29	1.7261492677310353	0.00040971523413480557	0.00044785680863960943
22	-123.5178545763784	-26.1378881564018	102.48603939969418	24	2.9273877162395636	0.00038994225819942766	0.00023796038020577204
23	-23.362193387378262	-34.15231043963473	-77.98402725593134	28	2.949632412827033	0.00012988189803159563	0.0002628692308848031
24	28.32155124562526	20.59688470993698	-44.71644587132643	24	1.5834344514194685	0.0002972443833769891	0.0003374418389952996
25	-32.853229021925436	0.24079683270054403	22.92989382434738	17	2.6691132735557037	0.00023518657736904263	0.0003863542531125345
26	-103.52573493432793	10.227344151284768	10.707526296118322	26	2.7734915689203232	0.00026936255398020826	0.000344695146732669
27	-19.748340890018074	-3.6680638528795395	132.10848780007774	16	1.7933132049670342	0.00017795740906276203	0.00011179252344235932
28	130.8581909188724	-30.020299566141215	3.1359412858371143	25	1.8990159268390443	0.00011185852796770959	0.00027964547155973757
29	1.6283456913511718	-34.32947417195499	-78.25461797623271	19	1.5450419596790474	0.0004905114216556188	0.00033643196207847905
30	148.58889064187986	-46.509267499145544	-69.6988027768555	16	1.762647551434149	0.0001898294143736119	0.0003357952241504933
31	142.5533138066484	-23.709695902903945	159.50926345820147	17	2.012603378708243	0.0002240537443326825	0.0004032306614490628
32	-84.17126224286461	-18.464338168531697	27.35222740969716	15	1.807980231997548	0.0004656377192887643	0.0003272105543525351
33	-28.978785983244713	-6.875380152548325	-125.83824571495286	20	1.809426372020638	0.00017882231500906753	0.00031452915379292666
34	123.18427430802664	-17.394753534328306	-59.29756799167816	21	2.188743653564774	0.000260082193994834	0.00030192607772380753
35	104.22120324650467	27.85254994303793	-143.32276391948963	19	2.6752243473076183	0.00044705110597840375	0.00021844524346091283
36	142.99365351602898	-50.28382947470838	163.19340692433494	23	1.7126769760298144	0.0002656669789260787	0.00022158760337688885
37	-54.462388909296465	-8.556781646646638	42.55554925757279	23	1.6645370838581866	0.00035216850312047034	0.0003617656506730831
38	116.76815202326323	63.13765321365877	1.9973888835190374	23	2.0804091076693654	0.00048162743330500314	0.00048480957460073765
39	-66.44286131780788	-34.158453457265196	72.97343141236115	17	2.4387399173721547	0.00035206626789073954	0.0002965915201167973
40	-87.31713755721323	83.01094759390152	88.02345305849063	29	1.5151579679639895	0.00016675374003132144	0.0002732013970988862
41	-101.34731922769555	-11.927512134129232	17.936993588673104	27	2.866371643114925	0.00018630078527215657	0.00017594305693596188
42	114.87550165790046	63.920191845389546	-163.51497274403025	23	1.7771301596530813	0.0003635648139069694	0.0001525499692144347
43	-153.6232787872471	4.857598336478007	159.025857497389	22	2.2909006967081105	0.0003239822026675027	0.0004205353285687195
44	77.39970229802485	73.01108166295245	74.33788293991044	27	2.5435638537621648	0.00018881510273060207	0.00019206657312344455
45	-145.19670414983736	39.18205760913486	-78.25199258170592	22	2.804959070013434	0.0002905620830427317	0.0002574936317400744
46	-2.528729526468794	-24.85619120729546	52.095935730485024	28	2.2059379266198826	0.00012208019712972958	0.00015856520591608946
47	-59.134507733452224	8.95264627097861	173.2508113488056	21	2.1112704155850244	0.00014571590026930277	0.00015843631487777595
48	-171.08253545272692	43.964049237482435	-93.90635047990041	21	1.8453777252107695	0.00038572821941079645	0.0003970955223637755
49	-36.57576476637949	37.162331175508854	100.58013008153372	20	2.4890502926039746	0.00033675706050239457	0.0003000596481001662
50	71.28358656639797	-43.205929199956735	113.78485435214108	17	1.7760084532396743	0.00020037952487243722	0.00018403216579018707
51	-145.48787455618333	-17.1337172955764	-22.08320414447706	20	2.8065770426935104	0.00041236881606002975	0.00016071863900123578
52	-125.01726226141525	65.97127866674712	-113.27001298443976	27	1.5609926263562346	0.00022903193760012317	0.00030196752670017457
53	121.73333125689297	40.828931893404075	24.737282783918143	16	2.28156280652634	0.0004688082901140473	0.0003147123463521173
54	-19.10251518042347	10.087254119174478	116.60155601904299	23	1.8796382234726563	0.00046475419510771726	0.00037048430934041605
55	-59.073732363348945	-58.963429171142344	132.87386703713736	16	1.7801662861394827	0.00021862638741080166	0.00014101192327112635
56	2.666709148835709	-30.885228722599148	-151.962322319965	21	2.575220986050169	0.0004054072619726746	0.00015683603941804542
57	-56.43676434307815	25.692407982611652	105.36488894444926	19	2.0284693236707825	0.00038654674711500347	0.0002046921551650605
58	-74.05205126501595	14.791737758864878	-20.10864302586017	29	1.8266760536650222	0.0004916610386187623	0.0002875719321824421
59	14.61347120465229	30.960668343678783	-93.17286222540922	15	2.384755200923397	0.00015889113947408065	0.00032473912968150967
60	-177.66655398411385	-57.74478828397294	-105.60206112588878	25	1.5728186534909792	0.0004606356750186429	0.0003687101997701717
61	89.79461024337365	-54.00828402362522	-61.76119346188079	25	2.723498578005687	0.0002745993869391625	0.00040859266354632015
62	16.682054127108835	0.8463480420507099	32.33216659008687	27	2.083213611683809	0.0003371779249274169	0.00041288574572547203
63	139.9412707212528	29.797400264190266	-1.115356752792503	23	2.710145317671392	0.00035037739382017566	0.00022367968152636687
64	103.34723579905538	20.944439232701725	41.042746526669944	29	1.9380542761130708	0.0002989377540925301	0.0002826781108520131
65	40.03160174302907	24.286995841866506	67.43867193811695	16	1.7542879008544006	0.00044909760718095897	0.0002208539147419332
66	167.03398628493568	-1.8572829938368771	-65.12795156454257	20	2.1030604871624754	0.00015400662764415864	0.0002039503032164442
67	19.67343445078573	-13.741873563461922	43.05825147064305	22	2.540379723601598	0.00034361539097757293	0.00023952564479580565
68	-10.95912754205467	-41.01442493831895	-28.682828151026143	26	2.935982615412792	0.00040060018679175826	0.0004835636544193743
69	-139.62614409839944	-55.77870057393414	108.65692048903234	25	1.5420856362458244	0.00033158128260211777	0.0003255158659284151
70	88.01126555208432	-2.3396611847011415	120.1638377374923	27	1.8232195850597162	0.00012058530976036784	0.00037616404120154187
71	-146.04563988391243	28.0842745765871	-88.8330874835533	19	2.001992014583058	0.0004317469896137061	0.00040663673805827155
72	137.25953309691613	56.96068256585959	-176.01327789629002	20	2.0877223004290184	0.00021080117615324319	0.00011093312578903329
73	104.69679256829407	52.474060140711494	101.18963893894035	25	2.2422234189929644	0.00041387377356943137	0.0003051972498656526
74	22.867281771255758	6.938004074868702	-68.77685205358934	29	2.404050060811641	0.000271926090440564	0.000331513272324803
75	-170.97199388005063	28.786900430865998	170.08223062561368	21	2.991654175743963	0.0002055680962232292	0.00011342508908342603
76	36.522157410659105	17.0800007804064	14.727840992380697	22	1.883572324023882	0.0003479186805401713	0.00028441491688508015
77	29.850760031157215	53.758919525461685	-20.30645661156764	24	2.2262411431043847	0.00032925039296900733	0.00015690745829942577
78	58.65495658495096	-59.99268328475999	-122.63078224769177	24	2.2784287780825703	0.00011684513900065666	0.00034578447601629536
79	44.870534580716146	-28.501142055322827	139.8722559595187	18	2.9800168359250465	0.00044136683729955424	0.0002985284254613604
80	105.6568888657622	7.510974330697346	107.26107053590381	19	1.9613544522534487	0.0001256556227403908	0.0002374469472220884
81	-76.68187546418638	-58.33452409253317	150.94552092669645	16	2.272362125203541	0.0004718267585642753	0.0004776860570347206
82	-117.09490960139675	-29.72452782700942	138.53166566552215	18	2.701334075151733	0.00029281668793415896	0.00017510142170678824
83	101.7531350552634	-74.18551458488575	144.16796368517885	17	1.9517349206844385	0.00044510968408310186	0.00031720809018626533
84	89.55831984372814	21.476146907522644	-123.39632539651207	25	2.1669182700046887	0.00010134780493182584	0.00043484802559612396
85	-9.167972499940829	66.61848201387514	159.5030063216734	18	2.503932519327698	0.00034531473580533224	0.0001768225111609045
86	-17.35352749057411	-13.027023621438936	25.31257463938277	16	1.8125206704784453	0.0004824380059343618	0.00015463811606535749
87	83.28180795965703	14.717350489130329	-95.96034899709093	20	1.9593859824648026	0.00031853620069751266	0.0003468348333257156
88	-142.0083419801017	-14.692349184159339	91.75521400876895	23	1.7054357501324486	0.0003320369731332805	0.0002930688322247334
89	15.963133674118838	42.29097395890967	163.44220127753718	29	2.1774673918213576	0.0002877424352567998	0.00043081690037019614
90	-28.169407491756072	-49.385099344588845	-59.13057918989336	26	1.9448287901587689	0.00010097208231206277	0.00046173101693757526
91	115.14543222576428	13.849942811736446	-85.29050272045058	26	2.5830525354743084	0.0003878065192576568	0.00033348777028389053
92	130.63465784948977	74.34359318571411	-25.346767723698512	17	2.14122189036761	0.00011086241473037394	0.0002240766476424485
93	-10.331361771923106	-84.12115516601939	164.46052267067122	22	2.346365043794843	0.0002978547658897131	0.00010360646112633618
94	153.8607327309947	-53.652625657739115	-2.853948292203353	21	2.048176387796088	0.00045120164257964567	0.00015864040929666295
95	-2.344223489364429	-4.267251806716186	-7.81209658322433	18	1.6638235147896858	0.0003621500757813234	0.00018326823897864936
96	100.31223553795586	-30.273819795536944	-17.275634024882226	22	2.4910932980522973	0.0002874861740197644	0.0003716386187764487
97	41.30032291589343	40.52721411090579	-2.010352261816747	29	2.1701888422792246	0.00045248988185911745	0.00024646055020745565
98	-165.4163144595552	-40.114199089067185	68.71945213251973	21	2.8371432800014302	0.0002524032956876007	0.00048690815099196934
99	-135.15942934271837	69.68433262008483	106.65806386214689	17	1.8221012183768535	0.00023883506451861995	0.0003570749236582328
0	118.07187647216863	5.715526203299945	-11.335484114700849	25	2.052936899504568	0.0003052703483855994	0.00046285458207314566
1	-75.50466646994587	38.83968986044191	147.5813898622608	29	2.903019819193756	0.0004268293419803874	0.0003670489964458532
2	179.69859027347152	-26.428858455739302	-140.91635232056385	21	2.2283727144323935	0.0004845897774066171	0.0003272245409758481
3	-130.2517002205786	-9.267963983348759	39.961224578830006	18	2.4666352956445925	0.0002101835343024132	0.00011575720135400207
4	32.82990374653377	-0.7933027841453568	69.92736939513601	23	2.450305254733083	0.0002868929435721241	0.0003313390270385642
5	-17.823231372880606	76.9952410392342	-117.24887306969494	17	1.908120747864081	0.0001385441921554272	0.0004735210340894882
6	-45.40311791082546	53.512376920328485	-87.9359462489238	28	1.704590704275021	0.00017272694754853025	0.0002806373948782894
7	96.59868358747993	21.554664433099596	49.78355588080228	29	2.948944024444959	0.00032307071152746483	0.00029420427982666163
8	147.11013155036278	-68.93676343604584	-47.56403331555941	20	1.9014990977983541	0.0001517298662735352	0.00040845151855220557
0	-1.923367585688519	-24.752393319228712	52.998010554416375	16	2.518502672690548	0.0002468614418233214	0.00023067945459550227
1	-143.3599198538623	-66.60514436496693	51.386639379714765	29	1.5497289243125505	0.00010074648253616231	0.00015277147185409172
2	-142.43186147840316	-16.632093046115532	26.217380326587758	21	2.282341056223049	0.00013458353847186212	0.0004238981359953665
3	-33.81476385049485	-18.76624873191553	-53.98355772460585	21	1.5419553700604605	0.0004100710159414089	0.00014649996736313433
4	61.686915553569726	-13.222495805334686	169.7256499617978	16	2.8521540795465183	0.00022425520008065113	0.0003752631339038566
5	-93.25951401535163	-37.298360885402566	-139.73309746087352	19	2.217919293029582	0.00036064539975214825	0.0003417950641330426
6	93.25196642262047	-16.867904106937665	91.12979245377902	22	2.623439813688987	0.00016023563247302306	0.00011397706101998591
7	77.20562411164694	-14.841365404841419	177.70732381158751	19	1.8536798785066662	0.0003261288493830998	0.0001456748381528159
8	-94.3799425614215	-38.95588232723224	-63.936861587670016	18	2.9795517013168342	0.0004201560704455823	0.00014353312276016049
9	49.09536584781209	-44.88323317934771	156.07250725209008	18	2.5743241633876908	0.00013787553033158797	0.0004175112412590685
10	-118.81239891556768	-31.07098312607605	-103.44223687335443	25	2.5922480526767666	0.00043410045019044914	0.00011614087867063152
11	14.807772880359055	-6.439539761603383	-112.36412092648347	21	1.66463088335915	0.00019396814833310875	0.00013650502373837556
12	-88.35070516406932	-7.8059576124979575	-39.05770625535404	15	2.922062800713019	0.00018330111619322027	0.00013270190135456785
13	67.36994811590161	23.757775549395195	-100.97368193415362	25	2.8227851176559073	0.0004270693310115448	0.0001633777671161964
14	-63.53421460558775	-23.39418919529518	0.6476751172531499	21	1.9524248499550128	0.00014801302120737018	0.0001659444599833611
15	-8.652514429124603	-25.95341322319108	16.052087575621805	16	1.6713947112415621	0.00024412779065978007	0.00034637356548761244
16	78.49362103816466	-67.7656624382831	11.003748638685122	19	2.9598159731427285	0.00011400970754639543	0.00046723331053387536
17	174.1570606356959	-23.450506525670605	96.3318726788162	29	2.509205565912332	0.0003962791557745946	0.00026698987517142657
18	-107.79828651310086	13.688663317305446	-62.557950786463415	21	2.3524129690127653	0.00048730112875288155	0.00029557870097769636
19	46.330037555507204	72.69598740105697	-142.02973442759455	23	2.800625766855892	0.00013807097423886673	0.0002976454557099713
20	118.89013413709326	40.26548297300729	56.42463383607897	22	2.7421547867687597	0.00029372055214671737	0.00042110792359954406
21	151.0838704015131	-34.05348183078842	147.14841607736398	23	2.8623466312948924	0.00019805082232851818	0.00010561970089848269
22	-125.5913658623143	13.904695255816002	161.11324708241895	27	1.662053912018277	0.00027676411405411563	0.00022553930121583566
23	3.9259895970557404	2.486603636486938	18.10303317813719	22	1.5734144825090939	0.00034509203995331715	0.00014469316468397283
24	-178.10073103341307	-3.6774717084411606	41.93033326386148	22	2.0416122061643867	0.0004984812117698824	0.0004079395514975402
25	90.44674397525931	11.862176441107746	151.1075279493178	24	1.6509330299404141	0.00013360357165694508	0.0004702839561347769
26	81.97591445223749	53.158406132605215	-23.677400081546295	29	2.724892867150919	0.000327773479054345	0.0003528346443559669
27	133.58402294325455	-48.351176692465074	-73.9768585936725	27	2.288345306942113	0.00023000303937489424	0.00022148321365870902
28	-113.90563627157735	39.170025624079955	150.0468612777235	16	2.892973309279717	0.0003609591117068585	0.00044551272367754905
29	-41.78000053926909	-7.6185443398690635	-58.92407513790234	15	2.763968473231796	0.0003055403530762734	0.0002124797876030287
30	-143.24116437719277	-65.74423539893614	171.0457828497987	18	2.365944725893206	0.00011036732317685631	0.0002647723750135333
31	153.32664286381868	-75.18217447325624	-25.61293810444876	26	2.7565663127529394	0.0003292077749660675	0.00040646685003520647
32	-52.217399048802065	24.89138632727447	119.73186524009718	16	2.523967850138668	0.00029590698907875734	0.00039658567701729365
33	67.52409162498019	0.7322974232251878	-38.320999562456095	19	1.612279611881388	0.0003419335351659697	0.00019366806875134265
34	-69.08350129746903	48.46460023377443	104.11613385812863	15	1.7395196902234233	0.0001555601738759256	0.00033547240638099967
35	-128.52822710893153	-29.612227907026707	23.45280744229611	25	2.3394159248287716	0.00030848574782521413	0.00045634410856973265
36	4.6585928419920295	-9.21318144699304	62.62016799895825	27	2.7359482836013265	0.00034976095871135256	0.00014029344930601573
37	-179.94704797367672	55.73377146883702	-70.87521942961206	18	2.471795544792529	0.0004885816426612349	0.0004020977904604307
38	-53.098309677925194	51.542341618382224	-106.39937089202792	27	2.5816788319339725	0.00023074000929045887	0.0004178553069155153
39	91.51423250007309	59.677855893994035	-159.47627283405689	15	1.889277746213959	0.0002832400360174479	0.0001582916835231681
40	-129.43524452791746	65.21477944613332	-4.082595142670798	24	2.967904380838436	0.0002849305659894085	0.00012175031218301084
41	-101.96053724835471	17.360033701938477	3.0714049280685485	27	2.9083267384741855	0.00037563244979690066	0.00021506991796210382
42	78.94995173766553	10.060785489893046	163.43924153347749	27	2.2853998781917637	0.00025789963077162473	0.0004779105678821302
43	128.3779190528048	16.942216730405452	43.73669589721942	27	1.8845191786749118	0.0003815188703495335	0.00011855441312010712
44	-43.029118370068645	63.24976814690128	120.0830265567027	23	2.0634024126243	0.0003164341728774501	0.00040285671178300753
45	99.52171121533763	-25.75358312914978	-23.487553477871124	29	2.9404331998960833	0.0002835992784562902	0.00034136227347088277
46	125.42209610340508	7.237666981061593	43.29605674344559	29	2.750420107316921	0.0004806841567459108	0.0004769652378585724
47	-12.720124228163586	2.0972420159780794	-164.8916258474187	16	1.524881595150913	0.0004942738659722713	0.0004467840696377313
48	166.77937267289258	-9.461010290684662	129.1352657546168	23	1.5921305916792838	0.00046816723687137605	0.00023535106895480125
49	-107.3142725632324	-50.14566613373558	2.042403486671776	21	1.6984976738978554	0.00010752297349325251	0.0002933718290312221
50	75.56885786424722	-68.18513603811618	122.41774996922274	18	2.929597913778942	0.00043697694573869916	0.00039640939415262397
51	9.49296511215722	74.23617893476217	-132.14109478229554	15	1.7249380420794969	0.00020328869829314107	0.0003393458160371203
52	-61.92658115474323	5.495685030130763	68.53685368043263	23	2.9839289844754706	0.0004492086240235086	0.00012546904866086084
53	132.29868340926035	-12.76787542534035	-78.8131436812214	28	2.0879359716127475	0.0003838762886331736	0.00035476032496805537
54	-3.4816804270666464	-68.08995622519912	17.679495256532615	18	1.939889102180868	0.000318622493991056	0.00024745771345911836
55	92.18274608462524	-23.102286751473983	-114.75352101687771	29	1.605084516053121	0.0004066218196876923	0.0004663922493143341
56	83.93242248624372	37.07377258106638	91.72498115952826	24	2.892187666951342	0.00024213738874373817	0.0004766029292864209
57	3.1554440881276724	53.38132806044315	-95.7064751173346	20	1.8805004405163732	0.00028860384391356415	0.0001260559671532418
58	15.716117393399015	-37.81166390344694	89.33438306797848	25	1.9609521669897403	0.00022070116369551907	0.0004433128323766628
59	79.93247504679523	-59.24832773453565	-157.1223790252192	19	1.9311548335634465	0.00019676845958525413	0.00027637179850657355
60	-76.57485311391014	7.943147913345148	-132.72729231135798	24	1.624663473270563	0.00015184749939232088	0.0002369586032218013
61	-2.9952732652945104	-29.37535032031832	73.6416995202739	28	2.1419080746819135	0.00044976621869824803	0.00024019458717380594
62	-31.975866615517962	46.062923138656956	-104.24254318882892	20	1.805691700268933	0.0002791629742609688	0.00020813463223190714
63	-113.05161322110135	22.653779832758982	126.12212070284302	25	1.5781137726273822	0.00039086641818020625	0.00021731932436334846
64	-110.18352020108209	-43.06464689122746	-48.99162098352085	26	2.5898708023381567	0.00025461474320577	0.00042405814728363765
65	-118.79301182383632	-2.0522277652024017	25.779138356465126	28	2.4404761135606168	0.00026471813454996714	0.0004273766828123335
66	38.562769614960516	-26.50201791005337	55.12573887626428	15	2.198337611079025	0.00048597241708318373	0.00035275953335649565
67	51.29349245043327	15.724527930222234	-27.710490671828087	28	1.685002550899568	0.0002799065116214724	0.0003272486780776285
68	113.97255339665136	-66.61318506747018	126.52088232578701	22	2.7408700286884984	0.0004105628190737302	0.00038763874420935966
69	-72.65181741103862	57.19056926707179	21.950781526918533	16	2.490762313565594	0.00012177900222120881	0.00015799996725762515
70	137.37217998844525	-41.97260953786693	-16.91625846730175	27	2.6549310904100096	0.00013390439306916073	0.00021054618643057919
71	-50.47080318527747	87.73480336386801	-107.32130982984337	28	1.8044298321328485	0.00016742853283794798	0.00010236064038479409
72	110.73316261041886	-53.57304685076409	9.065436996041415	26	1.8703590914394392	0.00020624571382167893	0.00022079236952225577
73	104.21986457756185	80.58056349807441	71.37800724028503	22	2.1484107940393593	0.00039152362406549867	0.0004639291171935144
74	-61.45546883948773	10.755516608468472	-131.87952362304523	17	2.6292302120201025	0.00015050063743191321	0.0001275181420960247
75	-25.53170958267257	-5.504931084801449	-94.42044425217875	25	1.6109791740261883	0.00034465096784013145	0.0004950537717509036
76	-45.09368702680755	8.23643491357305	56.451933273884826	20	2.6043086522028376	0.0004737953767613584	0.00027762760238312116
77	136.60880999169848	17.710837424423552	-14.721768318849236	16	2.5215314651876564	0.00018419711811913707	0.0001744850136502154
78	43.360469482963474	22.631805714334693	-30.375104497961434	17	2.3914186539106463	0.00047246113023640497	0.00022759362160863864
79	125.6159906883501	41.14910747095088	178.53953390733048	16	2.4851263044688388	0.00019490500914650635	0.00020047481802108942
80	-33.44434653308969	-31.505897448121736	10.301979410376347	26	1.8103644918831128	0.0004385239161503463	0.00010104445747498005
81	128.7648618956686	-14.373193047612144	2.947445850406017	25	2.5128706067031903	0.00032872363281092855	0.0001664385534583624
82	35.00185095627839	22.702342561470537	-150.15046883134858	17	1.7269509089030133	0.0001823846468315921	0.00020880756668028498
83	25.978420957504973	-26.92907710628444	89.00460881323568	18	2.3195539990794165	0.0001893270352373769	0.0002275347230074621
84	-62.15865474130919	-34.413534690604834	-54.80779958037017	21	2.0575433935258554	0.0003161245493825077	0.0004283237142036097
85	-27.50586759906297	-5.686454070237095	72.44257324780088	19	2.9904559397883306	0.0003285728098720836	0.0004543877143742297
86	-53.54014767001931	-0.2568437177212989	3.6166338123593573	18	2.3783897586103713	0.00016226290034060127	0.0002831131903110409
87	-149.8953974300663	45.38329240368147	75.83123760224665	20	2.4521599989249614	0.00048023413168869745	0.0004782167828400662
88	116.98682385791021	10.685880348838364	-19.947259826722558	21	1.9039395682805913	0.0004393792262386148	0.00040725935105339446
89	11.43027730957537	28.348987766136855	136.97005023217793	16	1.949753177847953	0.00010703606724725174	0.0004431289523887065
90	-123.32884866835334	40.52520193253868	174.17845734936083	16	2.728038925851483	0.00022155580683525406	0.00018911365281203075
91	122.77265618300582	-42.68121276211362	52.60417273072124	21	2.6776467288754655	0.00045157811949279766	0.00035242879253687164
92	97.08876993882333	73.96431880162947	-5.961259751520089	20	2.219731919640722	0.0004119655407173969	0.00018407509017869282
93	18.729026477733694	-43.34977712070399	-110.68588820810614	22	2.2035551943385365	0.00023499771929129794	0.0003858414391319729
94	81.81037556696133	-24.90708280915259	44.54169366901901	25	2.840067427119695	0.00036678700901022305	0.0004829901998019113
95	-94.12387367563245	39.73358565042721	-82.33225303013378	16	1.8694471350639448	0.00036573349880645743	0.0001610459922193243
96	173.18181719689642	39.40946219822799	-114.44061356553296	20	2.695250168621631	0.0003424045470107362	0.0003082681260952329
97	112.01021109038805	31.194790170001966	126.531988213952	26	2.025072824653435	0.0002055238395475189	0.00035265716537365757
98	62.339428338146526	30.468496955344303	-116.53512195373375	26	2.1508265900093306	0.00026195637344462346	0.0004629136119370912
99	-171.1431115094575	27.519910010751794	-163.35523661802864	19	2.243091556816889	0.0004394609352144854	0.0001288406313387188
0	-34.18949603618467	0.4523754370450216	-64.56461276597047	7	0.6817185460934876	0.00037640228501690105	0.0004667159617370723
1	-103.3688948509945	-36.777220592114766	32.37110158295613	13	1.198335379149667	0.00041376174257863434	0.00016135911187393337
2	-53.460344697831644	47.09752634885075	-118.32779075357186	13	1.4126488515068458	0.00016252372145313614	0.00014308929550751586
3	-94.57864469276105	-61.60987912656654	-118.76296369728077	11	0.89714464501538	0.00016739590881872658	0.0003636525681640672
4	124.87556291286754	-55.1395079736915	-51.3275638835106	5	0.5196978633695064	0.00023974383563231784	0.00031879163640172073
5	-159.9821067268425	-58.17019647799197	-76.15356652510448	11	1.1580154041003947	0.00043214360370803724	0.00019937542677188601
6	173.47538233796297	-64.17462915357756	126.00178423031262	12	1.4106911082411895	0.00015085374451686363	0.00024658304238677495
7	-9.392984933036324	-19.587318281094788	-173.80460845773385	9	0.8641118822588841	0.00017403523033558883	0.00011875063602867161
8	142.72469181466474	-46.13597502997067	-10.692765429117646	5	1.2157036064300693	0.0003680459899220404	0.0002698329048722856
9	-8.52291884864164	-15.618013475808564	-164.38325005383606	5	0.6143284752755397	0.00044250277840167417	0.0002004155078336626
10	10.523933770384597	32.73295931457512	158.59902004242682	5	0.7088825540783017	0.00030965651592580463	0.0004675027191944647
11	82.2512423719393	50.705768793161255	-109.65384960053309	14	0.7905483806747016	0.00027235858535952794	0.0004305506351304591
12	12.13372059377498	-61.71862441270834	-75.41680163020538	11	0.9642189109803272	0.00037301246298333433	0.00014810873061376728
13	-87.72176132463159	-11.585760742842707	-171.77696819827753	9	1.2520312242991054	0.000390438391754418	0.0001872017348830792
14	166.70955052882556	-4.742597735906536	-20.349146011438506	13	1.3774780775903528	0.00016819395989752466	0.00040653376302363385
15	-89.42607550265215	-28.384041106645686	40.984036939512784	12	0.9321093633911003	0.0004446129354316078	0.0003599184771192794
16	-76.37612216612406	-50.78092385163639	-159.83115310650413	12	1.457069178584352	0.0004406886324227833	0.00043231927585588655
17	37.32724116043504	-26.483032010959892	162.07922871397355	13	0.6080740402456579	0.00017295984067240109	0.0002004931689006445
18	-161.63831533993448	-0.6531172257016576	170.94411546090518	7	0.8835968907362055	0.000336367226416763	0.0003674099600200171
19	-163.90424512260586	-26.96712468782192	-163.70082452739095	5	1.3800060126133082	0.000338668267664738	0.00042260997980468515
20	170.64129868263566	-52.607507713218425	84.61208447069625	11	1.141519988666666	0.0001193806924559134	0.0003281580173362568
21	-107.02938367013314	67.38759904252905	13.410556958576816	13	1.077219703069233	0.00042014815619805527	0.00018936057554712365
22	-119.0884751497297	32.71653737901858	108.73812754492131	10	0.8090533992038712	0.00021477440967677025	0.0003464789699058784
23	78.34464249581504	-3.9745291070797397	123.28796204302978	7	1.323413083412103	0.00015039249363283064	0.00041696542851557924
24	-63.78582821303567	10.019236748461479	86.6516792809216	11	0.5790139580999211	0.0003676820369879259	0.0001887915594253961
25	7.6891976756136176	-56.29802798161253	52.47343172019505	6	1.2218781259201972	0.0002110707400998345	0.00046784446554463943
26	-73.89548713385368	11.670220127469724	102.22359386023089	5	0.9173352252766067	0.000297379214463205	0.0003574127326785805
27	106.64359660414713	-12.025791987911434	14.040201886166171	13	0.7735802475644764	0.00032429150978470044	0.0002593458347297193
28	157.3688296655147	22.007668537938628	-128.01003530922281	5	1.2337951132620122	0.00011126525663551626	0.00040157323946200644
29	-141.89895613967192	-8.274582411324166	-143.83409692305017	13	0.6618581678464064	0.0004124474146855476	0.00025226864320459754
30	-81.10262595326476	21.83337487964745	35.93876997663032	6	1.0119855165669176	0.00029950263129876553	0.00013209513080281437
31	-100.88337799088563	-19.09061664377048	79.45861630698454	10	0.6416220934198001	0.0003649645547066214	0.00045675618971962467
32	-63.118233304134705	53.15204866100948	22.708238728958577	7	0.8644271787429155	0.00031578852129917603	0.0004253194616556778
33	11.84402711743312	24.558317412577495	137.30352052222864	9	1.4756278158119018	0.00026962974558499204	0.00039871956776514205
34	12.278536428555714	-42.206459503246556	132.14674530337265	14	0.5034264622639841	0.0002386026194225885	0.00022098787446463267
35	175.0883002334964	-56.73176834497051	76.51983433452999	8	0.9492629835893819	0.00036123088247007193	0.0002196649726965797
36	132.32320906272327	73.7683045337165	-172.52279450350628	5	0.9278619455052495	0.00018169832508654822	0.0004202227333542472
37	13.45103060200908	10.873629770381918	-1.8755647727244833	13	0.7279737248576045	0.00016411204036403775	0.00039985229138576086
38	-53.25869751874988	-77.00781932900826	-91.55163974128023	8	0.9008871317583984	0.0002924669714057677	0.00034492124579349367
39	-52.069629649519364	-14.145313070427243	-36.94020348162495	10	1.0565593357118463	0.00012286936380144937	0.00031542262185056176
40	-130.87724744376035	4.595328898713827	-82.26784034640187	13	1.3651819189367536	0.0003242613511114075	0.00014248801522070346
41	-18.967736567487826	23.805879440324738	-19.608648380063812	8	0.8171118604820646	0.0003349372746074946	0.0004212865787181641
42	-150.89099723187329	7.536536327286608	-54.644803258652296	14	1.4022051198637353	0.0003083861880292722	0.0003375123307534706
43	-128.0264614664799	54.37321531333972	-25.476753113730265	12	0.7147634814682633	0.00027660396903475787	0.0003499883071307696
44	-170.76538594159018	-25.840389551779953	170.63079276420734	14	1.0373260244879916	0.0004747931346035366	0.0002898426375827196
45	-178.63292083927948	-55.92705180794116	-15.629696058249335	9	0.7423135437971088	0.00026772645763158516	0.00023111821550478274
46	25.557672674771386	-42.649427081267355	-10.579460382660663	13	1.067631268971843	0.00037035649461779726	0.00023858526035573825
47	-35.3023710169811	-44.6685230337341	56.07567302003654	14	0.905437222633708	0.00040007146794599066	0.0004880648786668155
48	137.67786248402743	-50.754822187889445	-15.562049837476446	11	1.0433966187434	0.0003380487493551962	0.0001269646016960544
49	-101.04207171860634	-26.42812221318935	-131.85571173478257	8	0.7255559348480262	0.0004159560737384494	0.00033101370031536056
50	-84.42190170583915	-20.305373756766198	-33.44444902339282	7	1.4534360740220056	0.00040039824657583494	0.00025716594164622606
51	104.53193992081357	-22.77452887031441	86.07253354881445	6	1.4592300503249493	0.00030216401046014187	0.00045278849285064417
52	-104.70657470428132	-2.6676189152585605	-58.15636974966736	13	1.00958650374299	0.00034832468478750806	0.0001329899098840594
53	45.30185316328676	29.190567829366216	-71.4329889036419	9	1.1989623226194501	0.00010977728913908185	0.00012342845899062494
54	75.11453309319515	-64.39913499945206	119.42310888655763	13	0.883055729707847	0.00025911129029132507	0.00015588507249394452
55	-177.58772462682535	-78.61061473093426	-177.72559857098824	10	1.164351390370729	0.0002842272356870589	0.00037461405481729665
56	24.597669487951297	68.63237469900167	-160.0560704899063	11	0.9913927029752673	0.000471995479626928	0.00023771155924197645
57	148.76251231288197	36.89285600685518	-102.58873907356741	12	0.8281276966351689	0.0002133658491310236	0.00039419634907228397
58	-81.89251784187572	59.62940287666753	-167.72987612116847	14	1.4404847973705928	0.00020268660463752732	0.00047666573546327343
59	176.24567033788176	47.75248181631221	-55.19303563542863	6	0.9384706155923608	0.0004068286852191457	0.0002634952176853864
60	92.04728840112634	-43.02964177884817	142.2407756375812	8	1.052155248933992	0.0003186756844293356	0.0004113545559445567
61	4.6290914719310114	-18.30080322416384	-136.16209010276103	12	1.182004990201572	0.0003384767968143397	0.00029572479952404336
62	138.35400042598343	-50.83414595211474	40.614428055528776	11	1.1125540679247432	0.00025070971739076306	0.0002581445997777243
63	-36.21736658630572	44.31041916402015	-172.28193929265728	12	1.1337033189926173	0.00032823457868281884	0.00031150079118575193
64	131.98156793322872	39.05821984634112	-103.09932546933194	14	0.8447370325570188	0.00025389477186978505	0.00019113865684150782
65	-69.2449074834827	-10.987767182119839	58.884826398469684	5	1.0509345248432465	0.0001869362196134158	0.0003026264063200352
66	-161.03270964797758	11.595285060039506	-141.56422047477247	13	0.7404111542006955	0.0002252696983399089	0.00026882021256677957
67	-121.40780248811605	-17.855468236250225	-137.8354523137313	6	0.517091847626136	0.00014566645404069726	0.0003409787109536871
68	-122.24091753296791	77.17029230619781	62.53658950999411	13	1.2205648684017403	0.0002933979693177612	0.00021684949255030607
69	41.6118102736745	31.319084833135474	19.72290819614829	12	0.6961698931588023	0.00030274640160868094	0.0002777675905254486
70	74.32528885620808	-68.88264488189913	-89.52530535184916	13	1.2664898493570194	0.00031405305395935295	0.00022160729481271273
71	-125.57962182231124	-54.05067535558031	80.63956912856847	8	0.9393030224757638	0.00024489258799586047	0.00028092629729722593
72	-125.53873649326827	-45.51939566258305	145.4265734326696	6	0.6977043072340652	0.00046861680629788007	0.0002881355067130731
73	174.00338968257967	-39.05528615874241	-40.95669070418331	6	0.9567435723806869	0.00014102750910934653	0.0004402720123940571
74	-119.17363711686286	-45.01346007973416	164.02997103072187	12	0.7050095301745491	0.00021120056038187343	0.00019558992733798117
75	-106.42182493545737	-7.760668047567148	-130.0253876703232	13	1.4560946841846991	0.0002784342206713241	0.00021143857334940288
76	167.1263712171405	-5.351409639717188	-175.16636149389117	11	1.2284440494897289	0.0004847039011069968	0.00023126797657097156
77	-2.921725242132193	37.19859576433079	165.7271605484409	13	1.3920220830591965	0.0004196187569303923	0.0003573989151136407
78	125.58947762055605	45.086795654980605	-87.7723275766395	7	0.6729289178830716	0.0003164225803979723	0.0001421555617346263
79	-53.44623190043118	-67.54954070409121	-22.07933543557862	10	0.5858298629773472	0.00029964279806734564	0.00016618619686065524
80	-172.91566602599005	33.16920320126696	-94.7518022811667	9	1.0787631595802085	0.00029931909272356893	0.0004879585354705706
81	-133.68044218660177	42.85350808649665	173.36990203326172	13	1.4533476283785784	0.00033093629016255256	0.00025716969162312305
82	-2.512360598940789	-35.52130727140614	65.6392067274104	13	0.9935003424513528	0.00048243815799903526	0.00032913970312138327
83	-159.62586727919876	-16.14861972640057	48.30733647391413	12	1.2032143423364177	0.00044598911339010193	0.00023540457750533884
84	34.57748370832582	51.58929021628436	-126.3656496268999	5	1.469024062750257	0.00034122419722543227	0.0002946106406462895
85	17.94881029272343	35.82681689391246	130.48795978496582	13	1.0210370408328577	0.0003272040034749945	0.00021621862720506296
86	142.3114591868555	-22.467129654399226	0.14316080379903007	14	0.981045159025968	0.00040393329836320007	0.0003605407880407709
87	-54.79049056933527	14.624216286065513	-87.61140492501478	13	1.0604910744196245	0.00041418006860285055	0.00039988622037699374
88	134.36939731441257	-53.51356435660538	91.61540017223975	10	0.6949055573421552	0.0002225303814842406	0.00014859591835320474
89	-131.05261634182523	20.83402466909521	23.675405645219737	9	1.0684068432724256	0.0002436013183534188	0.00039160045928809234
90	66.46235567447384	27.110648113967528	120.91233214915034	12	1.113457924855497	0.000293157853905206	0.0001117680721523963
91	-70.38414392044	11.54200734968876	148.77617535764506	6	1.278028652862934	0.0003342038073066787	0.00015408519654950263
92	-174.32902058123923	61.98843127145234	-8.996569373483954	12	0.6274790180970458	0.00017680758030066572	0.00044203170512339225
93	121.04387918526533	11.954930143327124	-29.9304727839905	13	0.7134810551463907	0.0003363191218383356	0.0004892336110509724
94	-3.692373886629026	5.633695367901464	-166.72292899290144	14	0.8145345909899699	0.0004156230564953038	0.00033524710837970397
95	136.21985916652295	21.00022539892586	70.98565769724205	13	0.6956512531513752	0.00014091246877342035	0.0003118087372935858
96	-126.41416536177566	36.05656124536168	-12.271901489186346	13	1.4095667716418365	0.00017531798843385492	0.0003934959828231668
97	-28.53436005846777	-79.06114461557563	-141.31844575424128	9	1.1473236716723356	0.0004843471530473132	0.00033920746077769254
98	-97.36913627861324	54.20520828239593	-167.19250981022398	14	1.2474806808832608	0.00015794974554012904	0.0002154731280860493
99	-78.94372156620273	-5.3066121707784175	-114.58289430830408	12	0.7158617908364985	0.0003807733348784117	0.0001624824120401109
0	99.40584874062674	34.60525234891132	-62.70237054521815	20	2.8816566297802266	0.00024175757789154538	0.00031460628532624846
1	-102.43508522637265	17.36295280040185	-90.21829773209663	20	1.9287994310138754	0.0001033309341996	0.0002320458370648996
2	-68.73396300793723	-4.267827030222612	-3.571310775055415	18	2.010914901187645	0.0004622129498111966	0.00023171999969266867
3	175.88480853814445	-45.24414802383422	169.59528394194425	19	2.6219952343051025	0.00022508142385772628	0.00021879493211483017
4	-85.14407492273011	13.42521837000673	-138.96496091696056	19	2.6839807519193823	0.0003537504958521211	0.000377610959050324
5	-22.793338647865443	31.372707161280207	-91.65576891913418	20	2.3037472125360683	0.0004474987093546879	0.0004924947298843899
6	-67.62070160956956	-7.519507417154315	141.17397041046908	26	2.047001981710089	0.0004905196409919145	0.00045436618781496735
7	-61.91134818676485	27.99862793112087	-67.56081486940813	20	2.1533722698231417	0.00014753177803101565	0.00043547110726476943
8	2.759156804254245	24.90577097969143	-104.17957997240329	29	1.9921385142202472	0.0003066022932459734	0.0002565545227525922
9	11.34876599786237	6.2105703100068315	-40.57865258959673	17	1.8109267800552111	0.000436205387020018	0.00040199534205689706
10	20.67866421323556	71.57748822252248	4.091719985060902	21	2.9585125182339453	0.0004972064964453006	0.0004088732005127945
11	118.18745816889133	13.516301955073548	-90.205190381238	26	2.8778154254272263	0.00033677715342153434	0.0002582957083405983
12	94.59999336117885	43.390511780646975	-79.1893737619585	26	2.0475111860207025	0.00011392108408563739	0.00014948428800482352
13	59.29974701288322	-68.67637020947744	50.43514582965402	24	2.9135036249030732	0.0004295077560445583	0.0001280227635294423
14	17.678659576108988	-14.45489059593206	165.41353513039041	16	2.4829636011989518	0.0004909904036197772	0.00014012973174843584
15	56.88930718762558	46.92519951280932	155.75720607613238	17	1.5849559173874994	0.00027815513540558007	0.0001650444561994855
16	-121.19652279792868	3.711258489431726	-167.848213794809	16	1.6719776567312161	0.00026520134782986307	0.00022731748154234625
17	-121.07728288726608	32.57375968690221	135.01775323647664	28	2.9334558749825517	0.00031536085986019004	0.00011716341611461351
18	-148.2621215223728	16.746774999458484	101.30406305420956	22	2.017153792517515	0.0002748341632580133	0.00034938661389754145
19	118.6597199463982	10.030378488717593	176.6436040280936	20	2.4903505941407102	0.0003671145715262997	0.00021415324305143252
20	16.97327811460669	-1.6651942837541132	108.27746064627824	26	2.0762543460927807	0.00019827530142453153	0.0003702405179058992
21	-68.45876153289517	43.416886670442615	-94.97084521955516	16	2.1871966476410734	0.0004093717896329377	0.00014118139698718639
22	16.80800772593061	22.64704460780739	-93.89837459326105	24	2.4500731872756383	0.00012342501171217868	0.00046630643397211556
23	91.9075971357476	-68.93555370537693	-71.56053289674317	27	2.8718745387264364	0.0004636722291675968	0.00018350461701097044
24	74.86188527223757	-32.30701526090535	-162.48205807632428	24	2.1853374477675365	0.00018311595399596	0.0003027458503735433
25	65.94113503737177	59.3582508793877	171.330422916567	15	1.9840177164690405	0.00011259120864041315	0.0003902227748324868
26	52.59418063086506	-50.473396759011116	-38.220335928882406	28	1.551708727479769	0.0004029973797077785	0.00029855799162875455
27	111.22707480554854	5.357402905488017	-24.276301265651856	21	1.8263594786722308	0.00023827634826421688	0.0004142993534467887
28	-43.33186612485344	-3.797304759983227	-152.53491326323464	28	2.552650287399298	0.0002011066682469294	0.0002820340564630273
29	-141.08916896082863	-60.45452638082772	-52.35238896797399	28	2.455641384140308	0.0002336474455403239	0.00037026806806501585
30	128.29145231593398	-13.892046056432351	111.5590031819744	17	2.752028566301327	0.00028309447921170294	0.00016310918430368092
31	-141.14096970448415	-18.089879034706872	-71.17734066684432	27	2.0113842178993475	0.00033324254250278887	0.0004768870141998471
32	-111.85170921943798	1.995171902989377	-166.9621529561165	23	2.9283666856933612	0.0004844589327665317	0.00017113316639711306
33	-6.86733113958192	33.391310457700904	155.77902756236708	25	1.9110558228389198	0.00037728346893952833	0.0003687874380362628
34	50.672716854036715	72.65627475421591	70.80600023896427	19	2.5910459366667347	0.00012198375898113476	0.00011125852655926102
35	-88.78245301450781	22.10834404126841	140.958901471824	22	1.8058103541583173	0.00034129051729960426	0.0002968223941365077
36	155.53133271167647	20.48979600800016	60.35415924506163	17	1.6411248258401705	0.00022663971054345377	0.00042241151852584187
37	1.4590302571088112	-13.576389100791312	-92.11276584234461	21	2.558409852923451	0.00047679497672645525	0.00024344104999253762
38	-63.254097669591545	-68.64161744200253	70.09530009670283	18	2.430618150131469	0.00026297233099354154	0.00010602348667882166
39	102.85363469624393	44.15887480983164	-46.24383929595797	28	2.9180025329545947	0.0003945253234758267	0.00023436030059489438
40	-148.77101626447148	-50.87896267395928	-23.24719464921525	19	2.4498143727784245	0.00025938198795213827	0.00024053397056897867
41	-124.80044221899337	30.84694081135653	-3.2314694456302906	29	2.4514379396144297	0.00038058844613496866	0.00010272382631481333
42	110.80906043342014	-11.291116032082575	123.29083825415991	24	1.5514950242238101	0.00017007903315186586	0.0003235676776449191
43	-85.82067690266379	18.06409405115194	92.06980604679862	24	2.5239464295939005	0.0004951478276123007	0.0004936996863538714
44	-108.87024671424751	20.070034664890127	44.61746199156478	21	2.053476264330377	0.00014542477725680228	0.0003709187072974727
45	107.80652667390511	-37.47138720266042	110.54859064032587	17	2.09469401542733	0.00014422320199358464	0.00036004604785263954
46	155.14536720381994	62.112357196979055	26.69840087491334	26	2.0362149138840167	0.00048219572474017525	0.0002459971115699104
47	-102.06307373126359	-40.68399783348244	-31.23702806796153	23	1.8787718183263198	0.0003839918791199277	0.00036627369832960147
48	-114.109565520246	5.9197262580932986	36.59840145053341	18	1.6851925446882117	0.0002507071909956112	0.00015365278969018482
49	36.26596376458008	13.613142136493662	179.00600682699746	29	1.8894027940408298	0.0004823779643928326	0.00021830288685924308
50	177.74883491141125	76.39021292397408	47.325281319663254	29	2.3569230705143767	0.0001639146313784064	0.00048111844198061297
51	20.26575992372807	23.209010007545515	-63.288479789670305	20	2.441177554805708	0.0004932446989645251	0.00016664565111537032
52	-160.59097124772933	52.42249565643843	88.8441323420917	24	2.335899315377696	0.0001683219062246076	0.00039254924712979315
53	91.36290429279127	-40.979687966850804	112.85847007101043	22	1.7966015259372123	0.00031337771736503553	0.00033575915127544175
54	-63.85101385133319	13.434929134712645	-53.54721071090116	27	2.00675845169424	0.000413034997280017	0.00047405426322855865
55	3.5818233500351506	-12.693766189382815	106.73984760471137	25	1.9391787843801593	0.0003154566615257364	0.000209836781426542
56	-111.31671811186015	-56.45753047128882	140.51686500686174	20	1.962819064921074	0.0004210969613874892	0.0004745323405702933
57	-53.86787522678986	45.43293119195733	117.73759801131852	26	2.7774377961165615	0.000249118524043665	0.000474264297873838
58	-11.50816928727513	6.887429487049736	69.34155145076981	20	2.3622392395230083	0.0002434361797123916	0.00013489863505644682
59	53.76133033333863	-73.3288646476478	-148.54149349004965	25	2.5472005782486917	0.00041454734059261837	0.0001993895059428149
60	50.677492772842506	60.44096758035721	155.2350664127191	24	2.4898675143993567	0.0003441467449970878	0.00021904161950456256
61	121.67632053042486	-77.11200465901649	-83.14842496079545	21	2.0853274567854774	0.000264892721582983	0.0004420338633818519
62	-15.458993617006712	-39.58145762762885	96.86107372478949	17	2.7078203136637757	0.00019493573407280312	0.00036222301663903244
63	-4.615410839879302	33.174986891541764	139.18826400015436	26	1.5097360365017987	0.00035539600902076873	0.00013180008682387194
64	128.83312095870224	-27.225215731904846	47.46988312426747	17	2.7961952425239716	0.00030219969739693335	0.000413619639162019
65	-137.90772089138414	-48.95980009123408	24.826972053237395	15	2.9537904134203714	0.00018834811613372728	0.00041680206728863205
66	164.3016874645994	72.47313703916086	61.25214095625866	26	1.7586586760409022	0.00031016369479375076	0.0001730627544375105
67	20.44262780777395	59.25720186978872	-25.172875415144286	25	2.0680094462766014	0.00042005769648952604	0.00041012152902735583
68	98.38079616603278	-55.26289023474981	79.48932085123582	26	2.0748182272442155	0.00010505920342834504	0.00014313200235417021
69	42.1129066642367	-14.414510099251874	-149.43123665100336	19	2.3034286976396814	0.0003788663530219397	0.00015701799820730926
70	-114.27930272480418	48.93825818464495	87.31879929135229	16	2.9099553396613733	0.00027305548470846696	0.0004916047803666373
71	-155.01119604550806	-42.757780580379055	-103.94712470932431	16	1.5338601841786312	0.0003823399232375386	0.00029794521501222914
72	-73.74845974485945	-13.558246455281207	115.48564335055782	25	2.8326047872090014	0.00035543969556753937	0.00022403679586469245
73	-77.41206954001017	21.97549808893417	106.03501356814851	25	1.7926683614416066	0.0004951295181830425	0.0004856149246650782
74	-22.57643778140488	-52.752323572955454	-114.52248561872621	22	1.8591617616025493	0.0004874213017448795	0.0004698382311669535
75	-37.00307377647938	52.145058948255034	92.00524051881402	25	1.614221212334584	0.0001369760064227128	0.00029468272570762626
76	90.69114602435153	-56.50915801350032	77.4242779798322	24	2.9347746072038223	0.00040066002236605844	0.0001335586584892199
77	95.50339354797218	6.668012809024114	28.95929592246652	22	1.5405099939283535	0.00036115386769870354	0.0001451585675107921
78	-107.21127733696166	-67.85506524540304	176.44538063006559	26	1.5803228618857414	0.00033441525446025854	0.00040712827492835404
79	-38.663119797611614	65.21244565260413	-79.16470993868946	24	2.387034824207485	0.0003970736633974691	0.00012365618524499912
80	-127.66209442934652	22.744903042016965	-138.80959333292978	22	2.023761634146063	0.00010520188345149341	0.0004497120503376805
81	-40.93701386403715	2.9131447123560106	-73.91482723415838	15	2.659989294234428	0.000296811333761728	0.00029155606112748784
82	-10.556322555483717	41.89268271064833	136.49859467062734	22	2.0737197873327213	0.0001241219743599162	0.00023173676680448635
83	-128.6940542208437	11.260781105561783	31.377368004818948	25	2.0201399655861767	0.00011173225663090882	0.00026778125123719064
84	133.75159748091383	-25.0022384647765	-32.30867579333253	25	1.735431107197987	0.00011860085248761458	0.00031482402397216237
85	82.1786874654246	-54.54125225537093	-104.28098291895222	18	1.5785777961324858	0.00040081592469448906	0.00012386232863912424
86	-175.6018137748515	38.84802778974981	113.12869253636347	26	2.1256999591662984	0.0004892451647607217	0.00021473205854169995
87	141.75696533802977	22.62906012755308	-38.441075619661845	22	2.9024793922996377	0.0003269736496481126	0.0002447302670632258
88	159.82027440603608	-24.961674503627883	154.02805579380868	21	2.6131012649348473	0.0004333029532070587	0.0004000434613488069
89	-127.86092818575395	4.45281379322162	44.30579649581465	26	1.9201735516648262	0.00016656053548405256	0.0004028537782851969
90	-123.96779587647202	20.49012318149731	-168.62604141388547	21	2.526878230219787	0.00046597436628900165	0.00018231865426961315
91	160.92718173095435	28.70786065811767	70.40629806910722	17	1.8823333743994544	0.00026043014606049104	0.00043366276773215207
92	-144.19293149438369	23.720773994106686	22.722864534350983	22	2.898293056039666	0.0003127620450418296	0.00034514797139260353
93	-65.31136919391317	29.52372831197077	-71.59656206621717	20	1.8514460924880871	0.0003640217334144187	0.0004430591478791571
94	44.35483304407687	-19.60705109272019	100.39049031528558	20	2.681903393129071	0.00038625702906711225	0.0002771986819038837
95	-76.17234455690127	32.96398570745968	-115.08617969366094	27	2.837171067893707	0.00047749560977254776	0.0004074633142570832
96	-89.58131668776053	-1.0328149696865951	1.4254194088697567	23	1.6156026999474826	0.0004477226771395007	0.00014511861629865915
97	-130.6972076126822	10.866571559806582	141.0266351506605	23	2.080209611638108	0.00027915055539526356	0.0002444285697129498
98	-94.28180303027281	78.10536930451225	12.078550839772216	25	2.458556846985072	0.0004363025422147894	0.00037141548126955843
99	-6.0538853576290075	22.577778825984574	-44.616389230452164	24	2.9136409739905447	0.00029422033947088693	0.0003410937645936242
