0	-108.7550366547697	-20.049777592355365	-38.57365745330243	15	2.3606301909785463	0.0007160656792089677	0.0007156490297901613
1	-147.52069601440246	20.290175234052114	-125.12880105203232	16	2.61685578309028	0.0008353847138538169	0.0005875202424374755
2	-119.5190707628637	24.118192516973664	129.304789823485	21	1.6863193894733333	0.0006678446865542389	0.0005861805262039996
3	74.15190412846472	36.99517594380167	151.94837285983496	20	2.4048282827557	0.0006331371321458822	0.0006311855433880144
4	-154.09755524241427	48.05613087240825	13.514568371912294	23	2.9057464375629936	0.000780796858700469	0.0009631567856927396
5	97.0757718471487	26.09894250085154	-59.67702232659977	17	2.992231722617874	0.000751177681063385	0.0008220383048963805
6	-3.107184747321067	-17.882859345230557	22.9027404162357	17	2.8280392426731753	0.0005606692329321993	0.0009500928800875839
7	-165.0632500699222	8.673339220836825	-171.37461296595635	23	1.865050003042452	0.0009046601320412077	0.0007219587388129943
8	9.8024346249904	-81.62175723513525	-23.330902052463795	29	2.123797475512249	0.0007647229388159599	0.0007152289408988575
9	-67.39988082036177	-13.953388032951816	167.5191051327797	23	1.682317957489163	0.0005737757236368086	0.000898558404972079
10	4.064897385130087	30.51001095581535	151.99776363807985	23	2.137924014223103	0.0006071130744388985	0.0006472550206415883
11	135.10403240929847	-49.531536907250505	-109.56994145677501	17	1.98604119424878	0.0007446634652332822	0.0007920577525823657
12	141.68140170279926	-26.490578895312552	-140.62571204496507	22	1.7107181212085267	0.0009648383825421733	0.0007198860907809048
13	-179.47428113826632	-6.367538834643991	-132.41827811446018	22	2.26831484607288	0.0006183921498357677	0.0007857653278873771
14	-122.32810054691797	36.47556406731341	39.8013538976416	17	2.242404916007336	0.0009138885188416032	0.0008773731640815839
15	42.25071668805906	63.6603038609383	-7.671911361924765	18	2.656195437407235	0.0005895976066426366	0.0008610469669131352
16	41.48913567773633	-47.139173081581674	-61.15040809599306	16	2.06117866850585	0.0008254766787457086	0.0006344844182849604
17	31.999277981406713	44.051292196053254	-96.36568231517953	20	2.871301418627691	0.0006831717364101531	0.0007777774274480016
18	119.12018049049988	0.3740026843242826	-162.2695920107606	19	2.0916582884695227	0.0009239401205266894	0.0009117241536553873
19	162.58862961721272	-35.36976768501365	-39.97934127660887	26	2.889049468108292	0.0006338836623606302	0.0006390364164245693
20	146.98324334157542	-38.334919937812295	2.0784699205500234	22	1.516151017225421	0.0005487976205961182	0.0005551791884910367
21	-24.024974231661645	53.431328789767036	-65.80085316939531	20	2.682933361475972	0.0009371033279161741	0.0008680424209127039
22	-169.1274731022359	4.410762407026372	11.558579243256448	29	1.8979142640263094	0.000791505881481942	0.000966871952699786
23	-156.14226649712575	34.70313162800166	65.433036102883	24	1.978209085006486	0.0008645681549901861	0.0006178861754651126
24	-178.8897711110027	-39.3299308038226	102.84899417399546	25	1.8601393706268012	0.0008563195223693228	0.0006312738722829803
25	93.02229011343968	-40.593453664546225	-155.35263146197147	25	1.7612486369092073	0.0005905361556323213	0.0007439269626993981
26	91.27652107141428	35.60755035251671	124.72192198312611	17	1.6628556186762147	0.0008449647613353558	0.0008089708042196318
27	94.2515854727139	4.201689525504414	175.6898786716935	21	1.8383844578099233	0.0008396962426606921	0.0007510700709017018
28	-91.9877507380783	-67.50722330365096	175.84413652733988	17	2.4236738641628452	0.0009399070597972525	0.0006533537444930913
29	-146.32239379930888	-5.741225990482834	-57.03272983098931	23	1.7882357413458956	0.0008153708340717623	0.000798222080446523
30	-126.07607137768233	17.016298664400487	164.40361656837325	25	1.910711140941729	0.000711814575318061	0.000934924431538351
31	35.75479445391537	38.57310304797312	-21.02211185561178	22	2.4522322374800236	0.0009090511461538248	0.0006871061983352295
32	-107.54029826053397	20.70814042275277	-32.90435511130422	18	1.5779857315151467	0.00096948117157415	0.0007741107610642287
33	-69.470187795755	-2.7597544310420106	166.77078556901952	26	2.8050377029188436	0.0007621146221305762	0.0006148765771188332
34	11.370202718099394	-31.983602400329023	152.4394585681493	22	1.8718700101684402	0.0009732800764653785	0.0008995732575538861
35	18.9364883189263	-11.609779520072543	-121.89212774623027	26	1.9492799516514867	0.0009703733580015204	0.0009469150710270089
36	115.53926476414203	-25.165086346201324	-28.033051982621885	21	2.316413444653806	0.0007721969993300182	0.0005247356875293127
37	-173.99914511685589	73.07809833753453	-88.49035187418038	20	2.146608888582669	0.0009906869667627612	0.0007448595802525713
38	150.80864367952077	63.260959468642035	-95.59502439181031	21	2.9976721762369007	0.0009223338715293817	0.0006161289738958258
39	37.62542913691221	-60.88481336923221	126.62110789644602	15	2.758510613911931	0.0005229929893341966	0.0006192341976118818
40	144.75475042006323	10.371069074774278	40.95080917035988	17	2.4102377394232377	0.0005857519879317374	0.0006649304396002414
41	-18.61759322742519	-0.022111621897719067	90.0751267598948	18	2.912195648235107	0.000516344116026339	0.0007787467022592483
42	51.846258082912314	-40.05994631907314	137.67473303924896	29	2.5947411113078833	0.0009582525569174847	0.0007057023971685009
43	-91.9181475666857	20.237397923961403	100.02176649605293	20	1.563554651100206	0.0008656391219012474	0.0009785552796117312
44	32.437735876260625	-22.03632926415609	155.33389374006958	15	2.9845424646042003	0.000607073744142269	0.000766235111381325
45	168.62468895377717	-1.640417404099177	42.38374294229212	20	2.114485611176542	0.0007960401429366703	0.0008181465884702806
46	-130.81833738400334	-58.298150015819644	-126.37199858824383	15	1.7177440434574407	0.0006452679819870819	0.0005458647061048254
47	43.3610258246759	9.902765004250037	68.09823979909768	25	2.655330719981664	0.0005966896899845124	0.0007923862199501119
48	35.86895767843614	-43.97247568866702	-100.71597193276824	25	1.6588383284261954	0.0009884386986760425	0.0009811668565253603
49	39.863933993252175	31.074149767998126	-155.14700929254113	29	2.669869896354845	0.0006544393708037563	0.0006323837713717244
50	3.9076409245895736	9.445242262138603	-53.18164763531261	19	2.4622781654010413	0.0008078168703463159	0.0006082560336383659
51	73.85161467420019	-32.54272986257937	-67.18252076528007	22	1.7272362191469048	0.0009716219747993146	0.0006005940349504107
52	18.18298849302547	27.215044486101743	6.560722966184065	25	2.363283813743257	0.0009765775163371774	0.000680200846225054
53	103.92692033077215	-5.34840141489199	-26.55867955901692	17	1.6532851254149685	0.0008152999413519105	0.000852615955120481
54	-40.975485766241896	-38.65069309680617	-104.31617928958829	25	1.9054049007912544	0.0005468948378005137	0.0006389104644761657
55	-55.53786453457649	-34.460208094941954	78.15441469974861	24	2.742403970893654	0.000746763794817584	0.0006011671331380749
56	70.54186007173956	17.936041730541515	28.1183752792009	17	2.5962853944931763	0.0006186290871249804	0.0005924491053881518
57	-76.41920309567531	24.161440302154794	89.95425973774198	15	2.671760652149415	0.0007170114712202737	0.0007077196128123324
58	-66.34685792116953	-20.664227975962667	165.95233196485896	19	2.8512241367798037	0.0005254557876238745	0.0008596089930914656
59	12.625458451210369	-47.29674373924741	9.014821750674276	25	1.7414155941973108	0.0007339851222691952	0.0005316396997190458
60	89.96635831194082	-68.47899399297104	115.62431229624065	24	2.1699471032654913	0.0005962395070624341	0.0007955092484156835
61	-106.6141090511819	12.083750092932359	-31.273405180818393	25	1.87480125292088	0.000747083191233674	0.0008713960873287402
62	27.81989739818316	-45.141020495183064	13.658668542289616	16	2.450877741282131	0.0006722932631550037	0.0006531707044238631
63	29.853959166517985	20.99756659571445	117.98396258507185	28	2.3743254790197468	0.0009228314292036154	0.0005946412848326702
64	172.07267853796762	3.4161953107260743	153.44385252181334	22	1.5773855724997266	0.0007029696285518049	0.0005631866854438778
65	-115.60741257232293	43.48717703283835	115.16775874420154	21	1.8709479845934074	0.0007696568916168657	0.0007736867782897783
66	-27.011971384250824	-4.155262506758949	-42.0450569522728	20	2.6011462934765452	0.0005893987792470121	0.0008458043712723817
67	79.74959835426812	-7.9801716800275635	-76.59067412731811	29	1.5115978097989975	0.0007965364791902354	0.000945286108281004
68	168.83348389820242	28.129710039589224	-120.36824199421527	22	2.574305298125357	0.0005548051705009771	0.0005593742660085895
69	29.98310449811371	4.8807546583245855	118.14094729449505	27	2.5918304563914605	0.0007101057536386952	0.0008451899445005525
70	6.16931136694813	-26.623905828430292	-113.53316278967668	15	2.0088930537918626	0.000889610802499566	0.0005335624625450444
71	-52.8302378382439	-11.614757075342741	41.601037170071876	21	2.2468849697304187	0.0006712738932839527	0.0007944848401022342
72	104.75966362827427	54.664334472505985	-139.51551084280828	18	1.805234020535149	0.0007641960988727969	0.0009486195819856673
73	45.731841464464	-28.78662990008548	89.77562964470498	21	1.8166027846496047	0.0005063030035194286	0.0005769296060781082
74	111.88483643459462	86.75955692718462	-33.00478912858839	17	2.8383669695384484	0.000504862715000052	0.0005405000527166958
75	-93.50972483260793	-11.211096220182627	69.01024449470044	25	1.8427763274946494	0.0009136784197732627	0.0006007451748003212
76	-99.28096108093861	-52.95530485201578	9.717821472198406	27	2.2992180855521314	0.0008307852189440439	0.0005889399966882837
77	-61.2290240140042	9.581072176938537	-111.46867126993442	27	2.272475249630345	0.0009507938270517213	0.0008339108439189922
78	32.56310296219436	23.331164973415923	179.28645184866727	27	2.380649035151971	0.0007911188450099077	0.0009860421432654268
79	-86.89743134999786	47.272448312496486	169.20986452859768	27	1.6189208752736597	0.0005338431208551975	0.0006348914743063783
80	106.7275130099749	19.71383675528327	-40.914673655407384	18	2.1038022571975126	0.000604592030219265	0.0007609807122620519
81	71.92565070178937	-36.30246734447629	-130.23420215228165	18	2.442747988966266	0.000993461712523696	0.0008299650650143175
82	-40.87199114307145	-17.05519919551254	178.92384019651078	21	2.8693094378001662	0.0008781112958348286	0.0005054955444578635
83	50.61069378766753	-21.116040439536047	58.851696506142055	17	2.3014658673486794	0.0009634792192285448	0.0008792809316501909
84	112.17336305679885	-40.58356774630433	-104.91233353770187	17	2.28409876794473	0.0007964167118793232	0.0007756832618114936
85	-152.1982757608692	17.47539777431649	95.36608282385238	20	2.7003197528545093	0.0006734853366342991	0.0008127648633107696
86	68.06985603114981	7.290080609995756	-102.13336687189397	27	1.6474427011792099	0.0006087045961780779	0.0008565628887230879
87	-65.24312723929206	2.071838399865054	-29.74162566728877	17	1.5821311261326705	0.000566221194759522	0.0008850431531292639
88	144.71773907939559	30.042644394968786	-51.82680991008153	17	1.9984431664507134	0.0005281972228850903	0.0005444417601227058
89	-158.56759150863476	29.63311302568138	-59.93503685910704	22	2.7570853700823386	0.000957823113080507	0.0007206313860523831
90	-110.24599842163937	-49.341012121317014	10.208656361573883	21	1.6339031760110165	0.0006924798013439909	0.0008235351082689394
91	-93.02567926604728	4.938877930590304	149.0100550130915	19	2.5786270328418257	0.0009189720243442826	0.0008928071798944377
92	62.17160310152975	20.039807377708218	39.26315251911601	24	2.462351894711597	0.0005764006177754698	0.0008320263367191747
93	-94.35363035413253	-60.23825738419137	-25.79994519086809	25	1.754865625653426	0.0006736434608284559	0.0005831180876210361
94	-137.3527591819752	-19.49237089711601	153.44104677108672	28	2.1406657988763422	0.0005866503001504607	0.0008941508655085401
95	83.6511183524881	42.8686456559591	-45.93297686800122	28	2.1030023706039263	0.0009384163609986319	0.0005714791587687465
96	43.14876014322109	55.050432360613094	135.7873270576046	22	2.0819715719842877	0.0007293355898398105	0.0007103780152479791
97	-112.98240716068075	-34.80832597518953	9.557763920801346	28	2.6484526426911565	0.0007529281085689953	0.0008520181618198706
98	-155.89893953677205	-73.89560231272104	-1.2845968506993286	21	2.6772490436301744	0.0006924028215918073	0.0008031174306119787
99	-111.94542421282578	68.99656845517387	-69.6807621292398	24	2.766564889237752	0.0006471997694961059	0.0006904353145765697
0	-116.69813725339465	-49.026496235326874	-27.708225184961428	18	2.5428404908223463	0.0008815394623845967	0.0008149712706977798
1	97.7997914739764	22.824855676609726	74.0764790456764	24	1.9022677796315528	0.0008288104753931941	0.0005989210567798025
2	35.467330700380074	18.264790422292673	-63.17131278342284	27	1.8119730202488102	0.0005867148360504416	0.0008517677873823583
3	16.201432820427236	-88.51905752543652	-69.6092585605471	20	2.9592688976577852	0.0006818672089448718	0.0006260525191373182
4	18.4953821486587	31.530009758326315	73.26655300751895	23	2.7209009952481176	0.0009339280895961425	0.0008043643028942121
5	71.6877787715128	44.700940828776865	-71.43028269125362	15	1.788312377155607	0.0007932207518677531	0.0007426446076404033
6	38.89068945284294	34.821768818633025	90.89874908264093	22	1.773962061850101	0.0007279602290829333	0.0008512531097713636
7	-74.65847149782267	33.895700809552864	30.93537434223295	25	2.3517192898879316	0.0006102500574583558	0.0006453617568914327
8	120.2218580819086	-19.73996401669844	-143.1636562323854	26	2.59706847058814	0.0007981717563631436	0.0008359452724162877
9	-17.00169121916869	5.329278056675233	117.92678971616076	22	1.9845504235078	0.0007972175118764554	0.0008309531897064408
10	-23.111187698723757	13.034894392488583	-23.427901242000743	17	2.6560894588636366	0.0009855910031526477	0.0005447536073898751
11	179.5149752300723	-24.47181583409704	-120.7357235667751	24	2.0832661757547895	0.0009667166338077793	0.000533394612579886
12	-164.94539306132455	5.877817959911722	141.73052396054175	18	1.7281631745670496	0.000557406854194897	0.0005848058270843549
13	111.99955848982553	17.421056426517826	-84.34018902637744	24	1.5367896256457034	0.0009954123842274337	0.0006496740359609563
14	41.749981049992876	-28.15966346611809	50.64607089120724	24	2.063033501460234	0.0008043507973331044	0.0007330304588331944
15	83.68376758130263	6.9544094606407505	90.74860362087085	16	1.59569864585105	0.0007635885012348249	0.0009844103256920799
16	-95.16705265068867	34.11202892209505	46.05490800935673	16	2.0850572821545175	0.0009744574762807119	0.0009208198626086444
17	-147.3822609721821	20.606360184399303	146.55516482484057	29	2.2243543705605067	0.0008693643711804156	0.0005664594033845792
18	-79.26592287763629	25.096254858002087	-162.58578917497528	18	1.8170633821721123	0.000565460184317019	0.0008984007054275337
19	-34.821010165029705	26.971116619738126	-58.506901595669355	23	1.6164915270982652	0.0005206907964743181	0.0008078029997600922
20	-153.54962336560467	24.24887447551643	149.7721033945817	29	2.7261324811920304	0.0009730774269431732	0.0008012934074179494
21	157.8151528571588	-49.29900930881474	106.22768993108679	23	2.733424627436211	0.000577910653713553	0.0007536618121085582
22	110.30420228007502	-31.734759942551285	174.94061433041236	29	2.118425285330885	0.0009626380442591252	0.0005076589108389039
23	132.54784961298958	37.6162372773443	-109.33876473481908	21	1.932033988834912	0.0009972372617666628	0.0007499025806730741
24	74.59177424313516	-3.6572545925678366	-92.47563103429549	17	1.8740153334749319	0.0009210160928182791	0.0008656713902000569
25	51.90118832857987	-21.602079083493113	-9.856938530348945	27	1.5767284758461177	0.0006348172564711678	0.0006549321015811363
26	72.33439767435024	73.48443202956592	-121.60807893404441	16	2.6133607244358594	0.0009528120528315984	0.0006660108116484629
27	-16.643564824069465	43.88271948649483	-162.35052876450655	15	1.5004472082452687	0.0008106964118216647	0.0007773887184269133
28	-170.22905134884243	-44.96085175379251	-38.67091649321709	23	1.778438561254525	0.0005446691753477695	0.000999061895792767
29	-73.85929611392125	77.00116390418033	-24.1924687369936	25	2.359187012784357	0.0005653033615627527	0.0009846743434020542
30	-79.0593580971937	-22.20814866208069	-115.3276511684402	29	1.5683831752521789	0.0005158858840744784	0.0006696785902350584
31	123.47241490561387	-24.070460685612524	-76.24844841604467	20	1.744745407206415	0.000632251058311319	0.0008268311616001468
32	-166.79930437264676	60.59669407406385	-56.74842696714284	21	2.904650005424558	0.0005348715248360538	0.0009126379936770935
33	-139.36652803053772	45.30172054481278	9.60138119514889	26	2.2798948644145005	0.0009189560253090175	0.000516448010905826
34	-8.018230569949052	22.655974530930127	-126.09543925080085	29	1.594361632086494	0.0006356304750496271	0.000966273047055513
35	-161.57303188152022	38.012856395695266	-154.95202677830247	23	2.1300275769856714	0.0009846393062108516	0.0009591884372055015
36	-171.21387416972237	3.1727128817177594	46.88579428439425	19	2.5809922954183904	0.000855144471346188	0.0009715635837903801
37	116.29797242933782	20.41001332021791	-73.77827485124368	15	2.883771133700818	0.0007450058721582137	0.0007881720594725018
38	-116.49010611154655	9.642777064028177	170.65496907984965	22	2.607216177830098	0.0008607341979808119	0.0008200902999806867
39	3.319432011996959	3.9465278873395695	137.40910291863517	26	2.0541371554558574	0.0005221891488465265	0.0006419164114908526
40	172.24368496649677	-39.445564889674834	-50.650261103920684	24	2.162490157500079	0.0005369619296036715	0.0008831149357676159
41	143.64944990394926	-27.547950955405515	-121.00385087128846	19	1.6382677469909324	0.0006392527767308531	0.0005885451575894984
42	147.4164732466294	-32.25614703539662	129.63550306769494	22	2.5966629246774775	0.0008777181018384062	0.0009354777491564852
43	-82.46412669114318	-8.422780299913754	-1.3766382377043138	29	2.698226993332495	0.0008961429058421879	0.0005251167708442506
44	-41.45633523581592	29.7505684633807	18.060188108306857	18	2.703928984766426	0.0008353845344157911	0.0007055280430245665
45	-64.74244549039877	-43.123513182020176	39.57793753791414	26	2.0339284398624833	0.0006865090102270174	0.0005976504746810309
46	-115.68497930273563	36.15004759192478	89.43854918829834	28	1.8545515194903277	0.0009026704537660002	0.0006985226017354562
47	82.72659125147345	-14.219080670407878	48.95193254172007	26	2.1756128650634654	0.0008134695010860184	0.0006265659876852131
48	-38.60611813099887	37.81379746820499	-112.25877582522628	28	2.655657711892088	0.0007429028475221644	0.0008179430552890017
49	-5.760957392665057	16.07737489933436	-143.3450767550789	15	1.9912404427385673	0.00062642297711426	0.0009375108942573818
50	105.66439198974182	60.48652321577399	74.83243749901446	29	2.3434235280194917	0.0005443138468549984	0.0006214474915050027
51	-167.15597760836513	25.3011227006501	107.85788480095542	28	2.5108436820691127	0.0006927247439556937	0.0007022120755266442
52	62.65431163196405	-39.13033835193542	-62.72782292588746	25	2.9207166002933542	0.0006354869719548095	0.0009840625535586526
53	-22.255928298567195	-66.00605162766766	-99.69597180409124	24	1.5143366990622018	0.0008079628430212816	0.0008140012751521211
54	-58.347116118295816	-32.36796881250618	96.79863810158541	20	2.461063959853739	0.000981838813936087	0.0008279522788711072
55	-152.44555448603074	80.38394575415177	-128.8662498446283	15	2.693204948337086	0.0006582221694561719	0.0005343949859250738
56	-152.43823732939785	37.602739402732674	-147.62403893871146	24	1.5355333259858632	0.0008178604171962135	0.0006573309772468759
57	13.562612811930379	25.157954169448004	99.84166739539072	25	1.69389362725404	0.0006901922674815477	0.0008175175292013734
58	-167.81600817519404	-2.0539549937322286	-22.79749014644145	17	2.6892518698802137	0.0009354431138125832	0.000723612277929044
59	99.32685716294247	-31.6648412755344	33.063643799582685	15	2.0355449152025327	0.0005873834987469501	0.0005282890723526758
60	161.60815423880672	-24.474880626140372	3.9727606539852203	15	2.741608050843024	0.000629471341538288	0.0008108969365459188
61	7.221936970031654	4.696910431364429	87.30001194513056	25	1.9405400286591397	0.0005082441138792651	0.0009758266346813452
62	6.756355558275026	28.19662886368225	-114.18664196205602	16	1.730373821839582	0.0008548614633042185	0.0005134932828714615
63	-139.56910254292004	-82.36255575734417	-14.5275496201137	23	1.665223576148675	0.0009650944219904488	0.0008914687962400727
64	-164.5475552187211	32.338432280681985	-72.3776769099397	19	2.970114805840926	0.000614566937445215	0.0008560786292944825
65	124.6549498884189	-19.24917480267896	21.001259747153963	29	1.8165896998889501	0.0008126499846582561	0.0008808193673825886
66	110.08459998899443	28.884101268788573	-25.79254146379253	22	2.2846013533076017	0.0005779743009821198	0.0005848255546861477
67	-77.53970431116947	63.82853467213864	-45.306924659623235	28	2.9961256364360347	0.0006107504813842798	0.0006229548078603673
68	-32.54821734936527	-23.446036764376743	-175.08041560581316	27	2.158225971082049	0.0005564919688510257	0.0005250460428105876
69	176.956106689003	-16.475124349037763	64.45063085792846	17	1.7137161472330782	0.0005698294025546079	0.0005175836348791117
70	-130.21177085242175	-25.288199927272693	-150.59116324115593	16	2.7105524007276154	0.0006077453815131423	0.0007430472729104417
71	160.63354449731014	-7.449155327265136	105.7447924928442	18	2.9539525080137072	0.0009871006514307321	0.0009501769036417598
72	153.9767841888852	-50.76570192506352	-45.86772228465836	20	2.7218176112401067	0.0007641647544049887	0.0005674246206009134
73	-14.668132797172069	40.16040913788481	129.57855031041547	18	2.037067696076538	0.0008295805474814145	0.0007627825161146014
74	103.83784190645477	3.3915116102775626	-20.731063309472987	19	2.153755855746025	0.0005884171642458672	0.0006715945492419006
75	8.163079774852333	79.8092272407653	30.356342597080538	21	2.1017856675503395	0.0005852471250436095	0.0005162783788239305
76	71.23986318401884	52.13617998137996	60.76371938988897	17	2.989572747796042	0.0008598205361594815	0.0008594933196076426
77	-2.952417926206396	59.03485708083545	-169.50616680483785	16	2.7381669347215976	0.0006457420580697466	0.0007883558478641592
78	-164.84998077277814	53.20069365365403	92.51247397706277	15	2.005978859257297	0.0009294204907757414	0.0007809204576014194
79	-169.26507286270464	-73.30152564530988	42.53504528192519	15	1.7437130772928393	0.0006034538755137069	0.0009218410731279297
80	96.51908204206255	-23.7503201644388	-92.79600235712664	24	2.0818159851212457	0.0006268570408359696	0.0009728411975192188
81	115.12460505386632	-22.667782235663065	169.93695407236982	17	2.0482368828801794	0.0005542940842729937	0.0009457096424450354
82	-41.868604987482186	0.6372077129865957	-139.97616643070026	17	2.0724130837691117	0.0007167037427135073	0.0008280587463393531
83	-62.18556483870342	-27.10291159313541	-156.3556590235642	18	2.1021610941695785	0.0009171297877152698	0.0007362971651649544
84	7.2725150856812135	-45.01125612985566	-158.40945189382197	19	1.9831116212535338	0.0009827140523897798	0.0006324909006157863
85	-66.74356429110057	-23.189108791047513	130.22696868157732	15	2.119986866023086	0.0005473857252646687	0.0007423468039967696
86	-170.8962645344707	-4.443782666125453	-152.97354234140556	23	2.97040175536623	0.0008965170010057644	0.0007839832991757351
87	-126.34012816729889	-24.342464022794232	-89.83479893478605	18	1.802539563273138	0.0009517028570852044	0.0007018230238486725
88	-73.41425154589787	-20.31783229023306	-163.97649713056177	27	1.5227040116498654	0.0008105492038754227	0.0007155330011672494
89	-53.09368173679848	25.03517934254026	-46.63245117308508	24	1.803146849069753	0.0009238101152382171	0.0006239226098680425
90	42.95469033378767	-52.88595454848127	104.98730612256243	15	1.8255274536459418	0.0005798738737380194	0.000859671982607613
91	83.40630031286548	19.994669879535028	85.1896889045603	20	2.311079058349806	0.0009453368120869452	0.0005535367388409776
92	-120.21397168052604	-21.638347471837914	-115.83113050072005	27	2.783222421540133	0.0005719087980453284	0.0007010589600171362
93	-113.7948826031611	-4.9657496359078515	165.0563743718488	23	2.8384129185313	0.0007615607994655576	0.0008704314857319184
94	-129.2931117403278	40.50299918743967	-34.467112124979735	25	1.6374908929402001	0.0005468388232552719	0.000563411522183658
95	28.58930495234606	52.69800969359359	-21.417518739334206	16	2.733957495972991	0.0008874913762328158	0.0005836820067543162
96	107.79710958933849	-23.35416819138322	-153.1364587845686	25	2.4012730466655396	0.0009603019669154769	0.0007240436305810284
97	114.58319551378932	13.069014658298228	-71.18629351187116	19	2.86109171128766	0.0006156741632893395	0.000553053629756312
98	-128.8904595608286	44.834733024930784	75.93794804698742	29	2.7543350642789926	0.000976452603304567	0.0007688638458825158
99	-25.23797542764406	4.587604732020705	-178.082435458929	26	2.587327337454411	0.0006422277533907914	0.0009866541311063675
0	168.15072607688813	-9.523968802718521	76.4903978480279	21	1.5349648321790041	0.00019741242141942507	0.0004848760994825107
1	31.714352178496743	-73.64443741827336	-60.4041671215878	22	2.0693015581213787	0.00017465928121036383	0.00043583169154040775
2	-57.24626838949448	-21.730665068957187	-90.69014401507548	26	2.2461280731027014	0.0004952899646290244	0.000487320740445226
3	2.2643575054539324	13.015954181177301	82.60958141354612	16	2.402631266581354	0.0001850672757922884	0.0004287899666698498
4	-49.2364720468005	-75.2005994529433	-43.65711721945707	19	2.6799167546495792	0.00047025935564484907	0.00041967769310192977
5	-90.86453921230424	-49.280051439156914	-83.18528274044444	28	1.918404862259913	0.0004807464793899257	0.0002466485423116993
6	6.777362450193439	66.89429774790028	4.851938319227883	29	1.8111625321670939	0.00042186645479203234	0.00015377077783407348
7	-96.4533990177343	44.84817418968799	139.70333230340725	16	1.7629800615260507	0.0003791663788640444	0.0004980090651615923
8	28.671894101059916	50.52275398895193	-88.08613009062908	18	2.0243830118283337	0.00013570548954580907	0.00029957011183403854
9	36.41905804682474	-42.164934543886005	-105.56519074317573	26	2.4808116166742913	0.00020942934645468185	0.00010176927331415379
10	-43.53258722413395	-26.96054713350064	-36.60684504918644	23	1.726005339113275	0.0003738332309107543	0.00035423801683492906
11	135.97673883418835	-33.05104833158122	169.7405351985573	23	2.601538226373492	0.00047587185699109517	0.0002789404670205187
12	122.16510259603282	20.2182303031045	-71.41540293852094	23	2.120919960511289	0.00021478007546628331	0.0002962327571989107
13	122.30449147501217	-33.578247048350576	125.23610215147384	21	1.9087876765353418	0.0002223139839200852	0.00022914810010860027
14	-22.17146158274825	48.572289418354046	-0.4800790879078689	15	1.9978218806665007	0.00011197001988663669	0.00043526244529300625
15	8.414017167767204	-57.828940388721236	92.18102048777851	20	2.149378584834463	0.00011307838230394264	0.00032325449435729726
16	138.734418808055	11.98714325907508	-6.856694411453579	18	1.6038119670614757	0.00031065152846959155	0.00018611615590123285
17	159.5665068202841	24.32894019963271	67.7681890272459	18	1.6073449625195673	0.00035097562062678944	0.00015035369308026775
18	128.26479970664903	0.2644452293001965	119.60057013067724	23	1.605345258888937	0.00010664170164674866	0.00031948895533459706
19	78.93048929662665	-74.63737147635305	-120.49278523599017	29	2.6056973178450256	0.0003965778354097381	0.00011556483218572969
20	139.36500331775107	-26.2723677511869	-88.11485022613577	18	1.5500391100715998	0.0004780595565774977	0.0001925819125575194
21	-103.48517756686135	44.8954824926542	-133.35398603960954	25	1.704903625708811	0.00020979868307164295	0.0004812657109273438
22	148.97990062499593	48.07456145957181	165.63248012085114	16	2.8322232084689647	0.0001365924998922861	0.00019969619237197514
23	-22.529225321725615	-16.665492769150916	97.34267046275009	18	2.9051726482146205	0.00016256877975709167	0.00026241090445517387
24	-100.95986636672555	32.04336448036992	-110.3312714881892	23	2.543092863664266	0.0004933150609258497	0.00020934405513213793
25	-38.12089843487692	-69.66486562714115	136.26010261573552	19	2.1278594393842587	0.0002636426634203897	0.0002589189952520239
26	-11.678545500726853	39.497965682547836	59.64517644687343	18	1.7235766241058248	0.0004858400712492107	0.00015614703251597796
27	170.6223226023761	17.52826769346348	174.9754587592993	23	1.8418583951644403	0.000382995475174925	0.00032142963426071543
28	100.25941549404982	-62.603910595019535	-145.3725381804093	17	1.926350526255899	0.0003826971785222331	0.00012915196346587022
29	-37.17171963884983	52.915629528217195	-69.51134263168665	23	1.6687527148945764	0.00019695762322086938	0.0004059427890840675
30	-150.73138917832972	-57.167092269283586	-12.909762826671846	28	1.516890850720651	0.00015793069417661314	0.0004061144878366055
31	-99.9286329307317	81.42697861442788	24.87995564442316	18	2.0921309389981246	0.00028569982227814167	0.00028230518775152424
32	159.19334414909184	-13.162760324680926	23.75156436227344	26	2.5908226344069893	0.00026319586534972246	0.00025947291044630186
33	-176.81691131408326	71.16798412712293	27.26543812828302	16	2.9751572214095496	0.00028980789364344895	0.00025711630790190725
34	-22.48667138655742	-70.00006626923586	25.086367062519543	22	1.799592801878228	0.0003988493935220466	0.0004250421381338459
35	75.20366167282764	-16.48559660415792	21.173125161163828	20	1.6831897146990655	0.00015499026971077344	0.000477803990136225
36	-28.060159223511338	-44.59394979967126	-24.048779892421123	29	2.9393743666976686	0.00032101225617822736	0.000259075054449644
37	133.62722641480124	41.17747575128569	140.32236269044728	18	2.4355061832870954	0.0004896910029509036	0.00012694560207944847
38	116.30943139975729	44.249916682257016	-126.3322275623347	17	2.876336203345862	0.00020243746726131322	0.0003758436809201802
39	122.01045841456339	54.210004590099125	-151.50589876215054	16	2.9973435133828525	0.00030369198424900953	0.0004575595413124116
40	169.45751958427198	-61.214953945154555	8.463563595631223	27	2.0385146000785093	0.0003652483048923329	0.0001573478203395662
41	-157.36360090612425	-76.32927991732033	-150.85198921337863	20	1.5945562921495082	0.00021202006907926406	0.0003718924231353523
42	-162.16666917822874	19.806408173468313	-55.57428638613031	29	2.3244367257733476	0.00010102699612516168	0.00027079977393211756
43	-129.57444313879526	2.6800536222160813	-47.86584963834227	19	1.5385752552999243	0.00023741079844169998	0.00043899069712496967
44	150.84249005285767	4.335497160227003	-171.21862054897636	28	1.8213832778826071	0.00012175260891236761	0.00029328435558594284
45	170.03132648747305	42.501845358687405	134.3672452592869	17	1.7326814193343778	0.00015326655223768976	0.00030124705904476223
46	52.84825074007729	26.21402394723194	-13.219475953762153	28	2.8683568130388313	0.0003639421284571488	0.00028731824805083123
47	83.24745772258434	-0.8995212566488829	-92.54838207255655	15	1.9699600113777493	0.0002175026660171027	0.00048442834827463175
48	1.7940162824587327	15.375441522518095	169.01436485591123	26	2.511586511447587	0.00019874869832162064	0.0004645388728735954
49	170.61846967545117	53.59697287447002	133.39012757689795	17	2.411792397494751	0.0004633109556733816	0.00022567150597060096
50	-27.76538193423862	-51.86863642829918	145.85909012313954	16	2.0348621585281905	0.00017620926456418933	0.000102237356882354
51	-10.883852139084771	50.12210115972334	95.61663172157627	26	2.39899386765135	0.00022807597877900988	0.00015320808654827164
52	159.99350248229177	2.2961401217347848	-35.7323716501673	26	2.017432353832939	0.00036661903881537224	0.00018636992260759734
53	82.48787503421158	-60.48812789391847	148.16791528178734	23	2.1787432795291544	0.00014286211953623665	0.0003247081448930527
54	-113.47159464550997	51.22411305314734	-13.765102152855007	21	1.6547512633288595	0.00029363390292823995	0.0004901576432788277
55	-27.791516676787268	14.844966866031744	-54.0165527784793	22	2.7067069223958624	0.000415691504855305	0.0002557986136996522
56	35.65704242371879	-40.31407100186642	-97.98928955698076	24	2.1516418745474373	0.00021530156380267598	0.0004997880993840239
57	-1.2198529785939087	19.270261091467106	-124.00995479851211	18	2.703317905196462	0.00022963785037057158	0.0004643060027334276
58	17.384704390990084	32.48174077901848	168.2894338343482	27	1.814200030435711	0.00027045537082833436	0.00043505518378785885
59	-43.38116422658126	61.62827410585077	-171.19802160945576	27	1.8451611063521505	0.00033754894642885934	0.00031748070374921545
60	66.55852799366623	-6.031568216261484	36.69246295566898	19	2.6043356225946583	0.00036964877770192866	0.0002062768753354431
61	92.22159100654018	-36.89829412094208	51.820262628156634	16	2.1561706853247324	0.00029550577537144646	0.00030513072729215784
62	-52.04235776364014	48.24451034889935	-131.9508923342047	21	2.3540029834798335	0.0004961342844563773	0.00019472775162276854
63	61.002265531198184	77.67860132547396	-71.71713039162012	17	2.3530836855400086	0.0004255817525575882	0.0001634210359909024
64	100.76961386488696	-42.31230907739701	-25.794483477595033	23	1.9194743713512936	0.0002793221494240231	0.0002469976091706828
65	-54.63449417572463	45.41797717370092	114.69765925511331	20	2.842271834860321	0.0004885543087683757	0.0004689610529766617
66	-111.82861731698027	20.420191357761915	153.88777222234464	18	2.304796211404363	0.0001366834204209703	0.000359109633203764
67	-68.03250886125495	-15.454988901475112	-5.61559236342037	17	2.4430473263857766	0.00037522524166187473	0.0003197886002895435
68	15.607067546159547	41.17869028075294	81.97161737415112	21	2.452864273178702	0.0004814690469876625	0.0003075158804937818
69	-102.60584406066025	15.926815738817684	-167.0172413817754	23	2.4254443650253057	0.0003178863881150057	0.000404790824474715
70	-71.69671073567783	-42.63239190858051	173.807546386092	19	2.998899000786225	0.00031031068243683296	0.0001147982216563957
71	69.02042737927074	-79.24843362101545	-25.27862377627189	16	1.9855737872854575	0.0004272761565139139	0.00021805143793420878
72	-156.9060151818499	3.34510462285288	-71.18777828677186	21	2.0604151663374837	0.0001969650111705358	0.0002899934327796048
73	-27.223438117378567	-9.417506881526077	43.345344560866266	16	2.4344042113828657	0.0003349058458668535	0.0004882798051529183
74	68.85591107805834	-7.404381178408526	90.57127199025385	27	1.8394243126613352	0.00017887041275879852	0.0003463586161026707
75	42.183363419988346	2.492899261414789	-109.62632633540179	17	2.3698298251845706	0.0002978133299119223	0.0004758507366729906
76	-7.436748771389469	-11.836831821818032	104.10268245054648	17	1.5294346719364378	0.0002443354733114399	0.00045051127340074785
77	-67.39860239648924	-31.83976591772682	-35.11398447697564	18	2.9819736023697203	0.00011242279418071017	0.00027284375470082125
78	43.03030276430492	-40.07136323128053	-49.93783473900399	21	2.9262094281210054	0.0001518168480629703	0.0002666068860848448
79	-124.61270034597456	15.771130183014076	-71.92539556144547	26	1.9027656272044022	0.0004702146110286433	0.00012978743449220358
80	29.933893613910985	-52.34865624505293	116.54918748184893	17	2.3003949214792945	0.00032595994126484007	0.00012072904716210829
81	136.25749481747204	9.833354250154914	101.74168571821934	23	2.8188172606399196	0.00034240439038337063	0.00021386953559881697
82	-95.87623004404556	0.3133334801715086	169.36313422717015	28	1.7020097205466937	0.00035040783564692325	0.00036717239274563346
83	-159.60241938982082	17.500129071873406	117.46806732519862	28	2.763441667837414	0.00022436150435140468	0.0003676848639501512
84	-46.62801426828804	-54.39364771387455	178.8091974306797	25	2.556845305749055	0.00023567393857533853	0.00019199355505774733
85	118.0551957101129	-17.221089475454093	-78.68236196136533	18	2.5739014505011557	0.00022476099161390526	0.0001194176814810069
86	-133.8950559131301	-1.8127721830296997	112.84498348647254	26	1.903909651178349	0.00039817309093346663	0.00018028908287918348
87	-40.374635520655005	-36.3658461524066	171.49138825460042	25	2.974293979293421	0.0004684813463652917	0.00019768514874198592
88	123.66366903675934	-30.832006091069825	129.1225456643227	19	2.3162445060128567	0.00027386679522613646	0.0004976203240575442
89	76.63496823376227	-32.1212074186548	-51.33556637486836	26	2.2782756665559303	0.00035738227363907684	0.0002450343074796359
90	5.335775285892684	-38.25988613852834	111.74741065315409	18	1.8976784659592267	0.0004111233373678372	0.00013361846833641377
91	-75.60495370896315	-18.509016863961634	158.52726792675702	27	2.170646376488233	0.00033961936649996047	0.0002092858031652385
92	-144.45100512986795	10.135372255431507	-24.532568787491705	19	1.850968013053491	0.0004489620742849814	0.00043204968301271653
93	92.21940800709244	-6.902559378162103	-115.93681181930565	21	2.4104859173058752	0.00038224070941218416	0.00021376926970812329
94	-63.94908141726008	-4.31339020728771	171.02641867272845	24	1.719567995575291	0.0003559107672582319	0.0004676162227229218
95	-176.94918102073885	36.35630626607102	-23.126877783181538	16	2.1922853244715568	0.0004770475404978161	0.0002482886315349194
96	140.92955402821576	-20.304031856711138	-109.60961561076593	28	2.5696676059617483	0.00047462585075110065	0.00026910639390263823
97	69.83820653401297	-22.592599141130634	-29.2594717122929	23	1.997015957649107	0.0004245379731806587	0.0004484860404075599
98	45.18792240378967	4.226544424184686	-122.10557835512779	15	1.817026459254256	0.00035029396911434926	0.0001161597862917728
99	157.91315214254516	-57.07774160660641	-104.40073937625871	22	2.645562901461304	0.00037317464562392996	0.00047168335488864563
