1.554497354623501915e-01
2.389417989481062987e-01
2.753439153565300779e-01
2.984126984063910637e-01
3.193121693184766685e-01
3.296296296233222622e-01
3.460846560783487069e-01
3.541269841206767799e-01
3.675132275195348575e-01
3.708465608339461261e-01
3.856084656021582235e-01
3.936507936760231252e-01
4.068783068656921520e-01
4.155555555492481679e-01
4.372486772486772755e-01
4.580952381078528535e-01
4.838624338624338828e-01
5.029100529226676608e-01
5.339153439153438985e-01
5.463492063365915641e-01
5.665608465734612853e-01
5.805291005543300464e-01
5.873015872763578393e-01
5.956613756739903565e-01
6.060317460065165474e-01
6.101587301587301226e-01
6.194179894053746249e-01
6.326984126984126489e-01
6.358730158982452974e-01
6.372486772234478014e-01
6.448677248614175239e-01
6.467195766943472091e-01
6.540211640274713467e-01
6.557142857269004921e-01
6.661375661249514524e-01
6.653439153691448338e-01
6.720105820231967453e-01
