2.131646691630126433e+00
1.879278957831165719e+00
1.772391671755957132e+00
1.692746960422980118e+00
1.641013680765868399e+00
1.601718759233989431e+00
1.560156049980688353e+00
1.525603075708661827e+00
1.500477333472519215e+00
1.475970373305063310e+00
1.444804704630816339e+00
1.425854109456299534e+00
1.393539238203139519e+00
1.366249032853141587e+00
1.318424287372165216e+00
1.277891061217696578e+00
1.222547716009553698e+00
1.175643158539262378e+00
1.126688673508861038e+00
1.086220895928680541e+00
1.059603308445562053e+00
1.025903302803241379e+00
1.001045586104115426e+00
9.833965268715348929e-01
9.652809562884940853e-01
9.467291384399252330e-01
9.300352554724961029e-01
9.041978725806746331e-01
8.973624728722546795e-01
8.833218607574543357e-01
8.762423666696700364e-01
8.594699745455747220e-01
8.445290567761375433e-01
8.349092108105856669e-01
8.196107263665981524e-01
8.108227109278320910e-01
7.981440382407455347e-01
